Date,Open,High,Low,Close,Volume
2018-07-13,2841.5377779096084,2895.2361296181366,2841.5377779096084,2872.86181640625,20000
2018-07-16,2872.86181640625,2872.86181640625,2872.86181640625,2872.86181640625,0
2018-07-17,2908.660461520704,2908.660461520704,2859.4369767872763,2877.33642578125,20900
2018-07-18,2908.6606535595624,2962.359004086816,2895.236065927749,2904.185791015625,32300
2018-07-19,2948.9345572197853,2948.9345572197853,2832.5881255237086,2837.06298828125,37100
2018-07-20,2837.062630155745,2868.3866655044676,2769.939697265625,2769.939697265625,39600
2018-07-23,2774.4145681634304,2810.213465817152,2747.565394923139,2765.46484375,24000
2018-07-24,2774.4148776340016,2787.8394657515855,2716.2416624578045,2734.14111328125,25300
2018-07-25,2729.666287518019,2752.040601350134,2672.3880441078045,2716.24169921875,42000
2018-07-26,2702.8170925697864,2756.5154454022986,2684.917641625616,2725.19140625,39200
2018-07-27,2689.3921542199496,2707.2916028337263,2675.967567759617,2681.33740234375,41100
2018-07-30,2664.3333355456652,2666.1232806820744,2598.1053654985103,2600.790283203125,40200
2018-07-31,2595.4205229404392,2600.7903585051436,2543.5121124816305,2588.2607421875,42000
2018-08-01,2589.1554236653647,2702.8169303385416,2589.1554236653647,2684.91748046875,48600
2018-08-02,2738.6159458487714,2935.5099027398596,2734.1410831921557,2868.386962890625,93000
2018-08-03,2926.5598752052742,2957.883910566799,2872.8615288712326,2895.23583984375,63000
2018-08-06,2935.5096006944445,3060.8057421875,2922.0850141059027,3020.531982421875,83000
2018-08-07,3047.381629301491,3078.705669543944,2975.783823033027,3029.482177734375,55600
2018-08-08,2989.2084866054747,3038.431979648379,2899.7112265274664,2993.683349609375,70500
2018-08-09,3114.5044128242075,3588.8398550072047,3096.6049621757925,3105.5546875,538000
2018-08-10,3289.0242833814186,3566.4657875578105,3163.7281202049835,3235.325927734375,349600
2018-08-13,3235.3255739373676,3320.34796108095,3110.0294244626148,3168.20263671875,155300
2018-08-14,3168.2026043428623,3333.7725144568253,3150.303154600812,3306.92333984375,94200
2018-08-15,3306.9234126350184,3539.616264403653,3306.9234126350184,3391.94580078125,255500
2018-08-16,3450.1192804205907,3494.86790921982,3239.800725064212,3266.64990234375,146600
2018-08-17,3351.672011346604,3588.8397237649883,3347.197148848144,3405.370361328125,379100
2018-08-20,3418.795124557783,3503.817516398879,3289.0241054318985,3320.34814453125,152900
2018-08-21,3338.2474326685856,3441.1692704050165,3244.2753199527137,3400.8955078125,110300
2018-08-22,3374.046125139509,3441.1690586635045,3320.3477783203125,3382.995849609375,99100
2018-08-23,3400.895762838376,3530.666785367735,3365.096860071656,3512.767333984375,117400
2018-08-24,3535.14111328125,3561.9902862935123,3476.967905088014,3535.14111328125,71800
2018-08-27,3499.342267717634,3570.9400634765625,3481.4428187779017,3508.2919921875,76200
2018-08-28,3561.9906258070764,3561.9906258070764,3248.750244140625,3248.750244140625,209100
2018-08-29,3257.699951171875,3311.3983020153673,3168.202699766054,3257.699951171875,110300
2018-08-30,3235.3256553862675,3382.9961209848107,3230.8507927923724,3369.571533203125,67500
2018-08-31,3338.247582056615,3463.5437379515015,3333.7727193460837,3445.644287109375,75000
2018-09-03,3436.694589308996,3508.292393252934,3405.3705500835235,3432.2197265625,49200
2018-09-04,3405.3704330053083,3530.6665855994593,3347.1972193008814,3490.392822265625,77500
2018-09-05,3499.342548426087,3535.1414491772493,3342.7223576397537,3369.571533203125,91000
2018-09-06,3306.9234671336208,3338.247505387931,3190.5770393318967,3244.275390625,125100
2018-09-07,3212.9515202666694,3351.6722683561775,3199.5269317418783,3280.074462890625,70600
2018-09-10,3289.0235381430766,3365.09619140625,3275.598952273105,3365.09619140625,39600
2018-09-11,3382.9959434124353,3463.543465874636,3347.1970445403463,3459.068603515625,52000
2018-09-12,3463.543465874636,3508.2920894647477,3432.219429361558,3459.068603515625,56900
2018-09-13,3441.169166811051,3503.8172400689896,3297.973570792906,3329.297607421875,73500
2018-09-14,3360.621818426724,3382.996131465517,3221.901077586207,3244.275390625,82300
2018-09-17,3244.275390625,3244.275390625,3244.275390625,3244.275390625,0
2018-09-18,3266.6498650906847,3324.8230818662723,3257.700139432902,3284.54931640625,36000
2018-09-19,3347.196743579621,3432.2191207561086,3257.699504446476,3365.09619140625,93400
2018-09-20,3382.9962604801826,3391.945986037009,3266.6498282414464,3302.44873046875,38800
2018-09-21,3329.2978423867453,3342.7224304608853,3293.498940855705,3333.772705078125,27400
2018-09-24,3333.772705078125,3333.772705078125,3333.772705078125,3333.772705078125,0
2018-09-25,3360.6219226185626,3459.0689030414765,3342.722471632578,3432.2197265625,59300
2018-09-26,3468.0185546875,3472.4934173387096,3418.7950655241934,3468.0185546875,35400
2018-09-27,3468.018232073103,3647.012721470424,3454.593645368303,3633.588134765625,155000
2018-09-28,3758.8843800197137,3937.878874306367,3736.510068233882,3830.482177734375,214400
2018-10-01,3812.582854978783,3924.454417624874,3682.8118423093174,3888.655517578125,120600
2018-10-02,3888.655395812988,3928.929157104492,3561.990443115234,3579.889892578125,179300
2018-10-03,3611.21382359096,3611.21382359096,3454.593645368303,3508.2919921875,92000
2018-10-04,3508.2918074324325,3548.565565425917,3396.420257450531,3476.9677734375,77000
2018-10-05,3427.7445164260153,3450.118827890937,3293.4986476364847,3360.62158203125,106200
2018-10-08,3360.62158203125,3360.62158203125,3360.62158203125,3360.62158203125,0
2018-10-09,3374.046195453501,3432.219405719941,3280.07408656156,3347.197021484375,89400
2018-10-10,3347.196900375246,3432.21928153451,3257.699657049705,3409.844970703125,79300
2018-10-11,3186.1025390625,3280.074664512377,3172.6779497125176,3186.1025390625,110800
2018-10-12,3163.7280561055222,3297.9739425032103,3163.7280561055222,3266.64990234375,62800
2018-10-15,3248.75029268732,3280.074331322046,3105.5546875,3105.5546875,63600
2018-10-16,3145.828641531808,3262.1750777762277,3083.1805604771203,3132.404052734375,68300
2018-10-17,3257.699653085163,3262.1745152459944,3154.7778233860436,3159.252685546875,63200
2018-10-18,3195.051781369929,3208.476368686609,3042.9064584475514,3060.805908203125,65500
2018-10-19,3029.4819156157955,3087.655128175626,2998.157878083579,3038.431640625,75000
2018-10-22,3029.481836008471,3092.129909426667,2935.5097258811775,3078.705322265625,72300
2018-10-23,3069.7554754149664,3127.928684132743,3007.10740448813,3016.05712890625,50900
2018-10-24,3051.8565686600805,3092.130335695184,2926.560404550869,2993.683349609375,44900
2018-10-25,2868.3867199448155,2877.336444500025,2734.140851616665,2743.090576171875,104200
2018-10-26,2805.7388047595955,2823.6382548697043,2622.2694411309776,2667.01806640625,145200
2018-10-29,2693.8673304575186,2765.465133260376,2546.196862176625,2552.461669921875,122000
2018-10-30,2494.288459664269,2650.908653579319,2441.48508000148,2645.538818359375,117200
2018-10-31,2738.61571389427,2760.990025282295,2664.3330000860265,2743.090576171875,55400
2018-11-01,2734.140895642732,2769.9397944400184,2664.3330429880243,2720.71630859375,55700
2018-11-02,2729.6663269140004,2823.638446365138,2729.6663269140004,2814.688720703125,43700
2018-11-05,2819.1636116588456,2877.3368290422823,2787.839571529303,2801.26416015625,46900
2018-11-06,2805.739023031899,2828.1133374101437,2765.4652571510583,2801.26416015625,37500
2018-11-07,2837.0627619103543,2872.86166111427,2769.9398259030113,2828.113037109375,63200
2018-11-08,2908.660417721595,2939.984452989366,2877.336382453824,2899.710693359375,37700
2018-11-09,2886.2861944216547,2939.984542224848,2837.062708935394,2854.962158203125,46200
2018-11-12,2899.711052955665,2913.135641163793,2707.291955305829,2725.19140625,94800
2018-11-13,2850.4872955607475,3351.671875,2801.263810080107,3351.671875,550900
2018-11-14,3369.5717197225654,3441.1695251881183,3244.2755601578488,3280.074462890625,278100
2018-11-15,3280.0742113712427,3427.7446738204253,3217.4261363928013,3405.370361328125,137200
2018-11-16,3427.744936663327,3499.3427421288793,3262.1750115242367,3280.074462890625,138500
2018-11-19,3275.5992676438427,3378.5211025561493,3154.7779831815697,3324.82275390625,82300
2018-11-20,3221.9014439957864,3329.298158795646,3172.6779497125176,3186.1025390625,103800
2018-11-21,3159.253201958126,3257.700185588549,3096.6051214660383,3145.82861328125,72200
2018-11-22,3204.001509482682,3221.900959256329,3127.928847944686,3181.627197265625,39100
2018-11-23,3181.627197265625,3181.627197265625,3181.627197265625,3181.627197265625,0
2018-11-26,3181.6267255129364,3244.274790431616,3141.3529694937856,3172.677001953125,38800
2018-11-27,3199.526647039271,3244.275271473387,3141.3534352749207,3181.627197265625,41400
2018-11-28,3181.6271353803972,3239.8003460132313,3145.828236529422,3212.951171875,57800
2018-11-29,3338.247319822324,3476.96805295167,3297.9735585912235,3459.068603515625,145800
2018-11-30,3490.3928654925185,3593.3147063980673,3427.744788419576,3588.83984375,142200
2018-12-03,3651.4875142911583,3700.7109979396914,3579.8897198932927,3669.386962890625,131700
2018-12-04,3664.9125181048103,3736.510320656309,3575.415264915438,3584.364990234375,110300
2018-12-05,3521.716772072464,3732.035308651125,3472.4932847880964,3655.962646484375,100700
2018-12-06,3678.336947396492,3687.28667232933,3490.3927238068904,3539.6162109375,71500
2018-12-07,3566.4653409258203,3629.1134146685577,3517.24185441367,3561.990478515625,32300
2018-12-10,3463.5436013254453,3463.5436013254453,3365.096625577177,3391.94580078125,75200
2018-12-11,3432.2197318412163,3445.6443201013517,3284.5492609797298,3311.3984375,49100
2018-12-12,3311.39800304503,3427.7444193682336,3275.599105714813,3409.844970703125,54400
2018-12-13,3432.219221137435,3459.06839366263,3391.945462349642,3441.1689453125,45400
2018-12-14,3414.3200753348215,3418.7949378188773,3262.174750876913,3289.02392578125,63600
2018-12-17,3266.650225996458,3266.650225996458,3074.231103095297,3118.979736328125,98700
2018-12-18,3029.4819141224116,3029.4819141224116,2881.811451543328,2917.6103515625,93100
2018-12-19,2939.984844757682,3042.906688638088,2908.6608053158193,2948.9345703125,53200
2018-12-20,2877.336615363118,2917.610378253115,2729.666151433129,2783.364501953125,77800
2018-12-21,2783.3646502101383,2801.2641013368916,2633.0092607454108,2711.766845703125,86300
2018-12-24,2711.766845703125,2711.766845703125,2711.766845703125,2711.766845703125,0
2018-12-25,2470.124260107061,2589.155610322365,2468.3343149910415,2544.406982421875,114000
2018-12-26,2801.910163494282,2874.569098041946,2601.189856806361,2662.949951171875,82000
2018-12-27,2860.9454623135653,2860.9454623135653,2751.9570637492393,2797.368896484375,59600
2018-12-28,2770.121933109504,2792.8278505940084,2682.9312099690083,2747.416015625,56200
2018-12-31,2747.416015625,2747.416015625,2747.416015625,2747.416015625,0
2019-01-04,2611.180456925621,2659.3170010011195,2474.944954825154,2636.611083984375,94300
2019-01-07,2729.250997636528,2820.0746581236003,2675.6650379491552,2788.286376953125,69200
2019-01-08,2801.910003017022,2833.6982850609756,2756.4981715256604,2792.82763671875,38700
2019-01-09,2820.074891004517,2919.9809257905067,2774.6630570108855,2874.569091796875,67300
2019-01-10,2874.5689481847426,2933.604329427083,2770.1217352175245,2779.2041015625,57900
2019-01-11,2815.533454943003,2942.6865787146226,2806.451088959316,2888.1923828125,58200
2019-01-15,2906.357481060606,3001.722335907907,2870.028012547348,2997.18115234375,61400
2019-01-16,3015.345715237403,3019.8868985434833,2929.063232421875,2929.063232421875,46000
2019-01-17,2992.6396964591545,3069.8398100248683,2942.6866817989862,3024.427978515625,40100
2019-01-18,3078.9219923332557,3101.6279067309933,3038.0513464173273,3042.592529296875,36700
2019-01-21,3106.1691600071563,3128.875074919489,2960.851304568225,2974.474853515625,57100
2019-01-22,3101.628075065736,3119.7928075697814,2761.0393406148864,2806.451171875,428700
2019-01-23,2724.709674810908,2956.309997169835,2715.627309228205,2851.86279296875,227400
2019-01-24,2824.615758968305,2870.027587890625,2761.0391984770567,2870.027587890625,98400
2019-01-25,2883.651333984375,2965.392631640625,2810.992402734375,2838.239501953125,69700
2019-01-28,2833.698179183468,2833.698179183468,2774.6628004504787,2815.533447265625,62000
2019-01-29,2779.204073118932,2824.6159043790453,2774.662889992921,2806.451171875,64500
2019-01-30,2829.156763605399,2842.780311423724,2783.7449375443175,2801.90966796875,53000
2019-01-31,2806.4515898618906,2938.1459201304906,2797.369222257159,2933.604736328125,77700
2019-02-01,2951.768747197177,3042.59240095709,2947.2275645091813,3006.262939453125,87700
2019-02-04,3006.2631494780294,3142.498639635644,3006.2631494780294,3119.792724609375,81600
2019-02-05,3169.7460173903783,3206.0754846384057,3097.087082894324,3165.204833984375,89300
2019-02-06,3215.1576240647005,3237.863539488886,3156.1222439618177,3224.239990234375,72500
2019-02-07,3224.240264892578,3274.1932830810547,3160.6636962890625,3196.9931640625,89300
2019-02-08,3137.957275390625,3156.1220063624955,3069.839534246111,3137.957275390625,61600
2019-02-12,3133.416535295759,3210.6166528320314,3101.628251604353,3178.828369140625,67100
2019-02-13,3133.4162517966433,3165.204532611971,2951.7689328519104,3060.75732421875,185800
2019-02-14,3060.757359197962,3156.122202733804,3060.757359197962,3106.169189453125,66400
2019-02-15,3088.004334332192,3088.004334332192,2979.0159460616437,2983.55712890625,55300
2019-02-18,3047.1336205312728,3137.957275390625,3019.8865240734667,3137.957275390625,64800
2019-02-19,3124.3340464685693,3196.992977781792,3110.7104968473404,3142.498779296875,43600
2019-02-20,3151.581421966108,3165.2049727815233,3078.922484283892,3115.251953125,44600
2019-02-21,3097.086809583106,3124.333907614629,3033.5102475095523,3119.792724609375,34500
2019-02-22,3074.3813006787536,3133.416687545554,3069.840117073615,3115.251953125,28200
2019-02-25,3147.03964087656,3169.745554591398,3110.7101789328194,3137.957275390625,35400
2019-02-26,3169.74614052295,3215.157976347061,3092.546019621961,3128.87548828125,60000
2019-02-27,3151.580798303835,3187.9102599557523,3078.921875,3078.921875,42500
2019-02-28,3078.9224564985793,3078.9224564985793,2992.639968779593,2997.18115234375,46800
2019-03-01,2997.181135804032,3101.628357203263,2997.181135804032,3083.463623046875,43900
2019-03-04,3115.251953125,3128.8755039404155,3083.4636678890306,3115.251953125,33700
2019-03-05,3083.463623046875,3106.1695407423604,3051.675338273196,3083.463623046875,26300
2019-03-06,3078.9224092628924,3083.4635927573804,3028.969390823524,3038.0517578125,25100
2019-03-07,3024.428192138672,3024.428192138672,2951.769256591797,2979.016357421875,40200
2019-03-08,2947.228073120117,3015.3458251953125,2897.2750549316406,2979.016357421875,65400
2019-03-11,2983.557146207554,2983.557146207554,2883.651123046875,2883.651123046875,24200
2019-03-12,2969.933580372431,3024.427774507705,2933.6041176155823,2983.55712890625,30700
2019-03-13,3024.4279928768383,3074.381007774203,2974.474977979473,3010.804443359375,30600
2019-03-14,3051.675277408953,3051.675277408953,2983.557525681075,2992.639892578125,17800
2019-03-15,2983.5573301573054,3060.7574437230196,2979.0161470063813,3024.427978515625,34900
2019-03-18,3069.839534246111,3160.663189105463,3069.839534246111,3137.957275390625,43100
2019-03-19,3178.828103677675,3196.99283569869,3101.6279925883596,3119.792724609375,41800
2019-03-20,3124.333790467626,3174.286801652428,3083.463144952788,3156.1220703125,35000
2019-03-22,3137.957553313905,3206.0753004914855,3092.5457218621837,3183.369384765625,84700
2019-03-25,3124.3340505826272,3237.8636309090307,3069.8398520259534,3215.15771484375,46200
2019-03-26,3269.652084742896,3392.2640379207546,3265.110901291864,3355.9345703125,81900
2019-03-27,3378.6404408939547,3414.9699080003415,3319.605056846077,3324.146240234375,43000
2019-03-28,3374.0989155169054,3928.123232735024,3346.851817948801,3823.676025390625,298100
2019-03-29,3769.181953699449,3873.629164464614,3719.228939855239,3860.005615234375,215700
2019-04-01,3860.005855793475,3860.005855793475,3651.111421244652,3714.68798828125,121600
2019-04-02,3741.934953162696,3800.9703347053114,3637.4877396642223,3764.640869140625,162300
2019-04-03,3755.5585317507407,3869.088112517087,3737.393798828125,3737.393798828125,173800
2019-04-04,3755.5586860647663,3855.464721244241,3682.8997513887857,3819.13525390625,121000
2019-04-05,3814.5936785442073,3823.676044445503,3678.3581900247714,3723.77001953125,82700
2019-04-08,3764.641068943068,3982.617873899964,3764.641068943068,3950.82958984375,158400
2019-04-09,3996.241225413341,4050.735423941705,3909.9587444100985,3982.61767578125,158800
2019-04-10,3987.158609662737,4100.688182830811,3973.535060882568,4068.89990234375,86100
2019-04-11,4041.6531475098222,4064.3590640688662,3878.170548284706,3900.87646484375,103900
2019-04-12,3914.499838350576,4000.782317386145,3900.87628902917,3991.699951171875,50700
2019-04-15,4000.7824560657346,4032.5707389175623,3928.1235238329855,4014.406005859375,59800
2019-04-16,4009.864881882974,4018.9472485463552,3932.6647652442302,3959.911865234375,41900
2019-04-17,4005.3231513444766,4141.558632682724,3996.240785921927,4100.68798828125,117400
2019-04-18,4164.265004209129,4164.265004209129,3978.076492570553,3982.61767578125,76000
2019-04-19,4014.406098839435,4096.147399494536,3982.61781525134,4077.982666015625,60300
2019-04-22,4087.064965197216,4114.312064965197,3914.5,3914.5,72500
2019-04-23,3905.4175611994015,4018.947141466826,3850.923362671038,3982.61767578125,94700
2019-04-24,4005.323732099979,4141.559233191815,4005.323732099979,4077.982666015625,96100
2019-04-25,4087.064796421715,4087.064796421715,3964.4528525290634,3991.699951171875,64700
2019-04-26,3946.288595881107,3987.1592487728567,3764.641249695556,3787.34716796875,205300
2019-05-07,3787.346785118554,3887.2528154214415,3728.3114035759386,3764.640869140625,86100
2019-05-08,3732.8526798126113,3864.5469957670703,3710.146763268739,3828.217529296875,79100
2019-05-09,3864.5472580682663,3905.41791062128,3764.6412184942337,3814.59423828125,88500
2019-05-10,3751.017700689524,3751.017700689524,3342.311171558704,3365.01708984375,259300
2019-05-13,3405.8877788432287,3433.1348810739746,3251.4875328690023,3265.111083984375,117000
2019-05-14,3137.957436888443,3237.8634623754847,3119.792704981708,3219.69873046875,148300
2019-05-15,3260.569639557144,3269.6520062411473,3133.4165059810994,3206.075439453125,70000
2019-05-16,3251.4872880178696,3278.7343881967904,3183.369537570568,3192.451904296875,66600
2019-05-17,3269.65216030732,3310.522812311162,3219.699141191514,3287.81689453125,57500
2019-05-20,3256.0284234408673,3305.981439700072,3128.875291144711,3160.66357421875,78100
2019-05-21,3160.663253147482,3201.53389866232,3078.921962117806,3156.1220703125,81900
2019-05-22,3169.74614052295,3183.369691270183,3088.00483603955,3128.87548828125,71500
2019-05-23,3097.0868019979507,3128.875082956874,3024.4278740918403,3047.1337890625,69500
2019-05-24,2997.1807823883246,3038.0514294208924,2951.7689523521376,2960.851318359375,91200
2019-05-27,2965.39265465226,2992.639754082449,2919.980822268611,2969.933837890625,56800
2019-05-28,2988.0987243652344,3006.263458251953,2947.228073120117,2979.016357421875,134200
2019-05-29,2951.769086388455,2979.016185647426,2897.2748878705147,2910.8984375,59300
2019-05-30,2906.357051028481,2910.8982339207128,2806.451027399377,2870.027587890625,81000
2019-05-31,2897.274618582158,2997.180639912577,2860.9451562801873,2938.145263671875,99400
2019-06-03,2879.1103052117433,2879.1103052117433,2742.8748018105566,2774.6630859375,173100
2019-06-04,2765.5807651253635,2797.3690497819766,2681.114751609219,2733.79248046875,79900
2019-06-05,2797.368805622977,2824.6159043790453,2751.956974362864,2806.451171875,56400
2019-06-06,2797.368881891155,2842.780714389388,2761.0394158925683,2810.992431640625,53800
2019-06-07,2810.992719851363,2888.192843013678,2783.745617558781,2842.781005859375,57800
2019-06-10,2888.1922419770203,2892.7334247474246,2838.239231502575,2865.486328125,45200
2019-06-11,2883.6514287002396,2906.357345461659,2860.9455119388203,2901.816162109375,39400
2019-06-12,2897.2746943721063,2974.4748037832755,2879.109962745949,2942.6865234375,61200
2019-06-13,2929.063021752142,2938.145387711063,2797.368715347782,2815.533447265625,75900
2019-06-14,2815.533447265625,2824.6158132245464,2770.121617471018,2815.533447265625,47200
2019-06-17,2797.368834252451,2810.9923837699143,2751.9570025275734,2779.2041015625,39100
2019-06-18,2770.1218865946385,2783.745436856579,2701.095898600805,2715.627685546875,62300
2019-06-19,2742.8748168945312,2801.910202026367,2721.985372924805,2761.03955078125,49200
2019-06-20,2761.0390245137764,2810.9920331809667,2756.4978419076683,2801.90966796875,45200
2019-06-21,2788.2860953526306,2815.5331907469563,2718.351883840529,2722.89306640625,48600
2019-06-24,2722.8933414024327,2797.368743001832,2667.4909085053187,2788.286376953125,88600
2019-06-25,2783.7454214492773,2806.4513384268407,2723.8018006285097,2729.251220703125,69200
2019-06-26,2729.251144205729,2738.333510742187,2702.004044596354,2724.7099609375,47600
2019-06-27,2729.251144205729,2738.333510742187,2698.3710979817706,2724.7099609375,39600
2019-06-28,2717.4442045454543,2770.121933109504,2715.6277311466943,2747.416015625,28700
2019-07-01,2783.7452704204775,2833.6982850609756,2770.121720973069,2792.82763671875,67000
2019-07-02,2801.9097926927648,2983.557105022928,2774.6626958432407,2924.521728515625,123300
2019-07-03,2951.768866110974,2951.768866110974,2824.6157457246554,2883.651123046875,104100
2019-07-04,2910.8981163024905,2938.1452125549317,2892.7333854675294,2906.35693359375,41100
2019-07-05,2933.6040429994114,2933.6040429994114,2842.780388417386,2892.7333984375,43800
2019-07-08,2883.651136567321,2883.651136567321,2820.074576076073,2870.027587890625,55900
2019-07-09,2856.4039863918138,2979.015922214674,2847.3216207753057,2924.521728515625,92100
2019-07-10,2915.43961640625,2915.43961640625,2806.45121953125,2838.239501953125,98600
2019-07-11,2833.6981114665355,2910.8982202725147,2833.6981114665355,2883.651123046875,45700
2019-07-12,2901.81598839393,2924.5219037960737,2833.6982421875,2833.6982421875,45100
2019-07-16,2833.698362672484,2838.2395459459976,2742.874697202212,2797.368896484375,96200
2019-07-17,2770.1218410535935,2806.4513078215095,2747.415924323646,2756.498291015625,79500
2019-07-18,2765.5805570098296,2765.5805570098296,2625.712115046114,2666.582763671875,143800
2019-07-19,2692.921755822349,2883.6514585956015,2681.114678984005,2874.569091796875,150200
2019-07-22,2847.321714251229,2888.1923608672755,2815.5334335498596,2829.156982421875,63300
2019-07-23,2829.1568146212944,3033.5100355810987,2806.450901181316,3006.262939453125,141600
2019-07-24,3024.428081849564,3024.428081849564,2915.439682503634,2929.063232421875,75900
2019-07-25,2933.604262095402,2974.4749097097347,2865.4865160715153,2919.980712890625,45900
2019-07-26,2919.9808955185104,2919.9808955185104,2874.5690619956717,2901.816162109375,22500
2019-07-29,2883.6514585956015,2929.063292589233,2860.9455415987854,2874.569091796875,35200
2019-07-30,2874.5685896664813,2910.8980505153468,2751.95665930156,2801.90966796875,246300
2019-07-31,2815.5336471581877,2870.027846780604,2779.2041807432433,2856.404296875,67900
2019-08-01,2851.8627538755886,2929.06286027031,2842.780388417386,2892.7333984375,64700
2019-08-02,2838.239563667528,2860.9454801768684,2788.2865473469797,2856.404296875,62200
2019-08-05,2847.322131468518,2874.569233205059,2672.9406803546567,2751.957275390625,117800
2019-08-06,2646.601641302309,2756.498277746228,2606.639228049975,2723.8017578125,138600
2019-08-07,2588.4744408017114,2588.4744408017114,2270.591614738343,2288.75634765625,445000
2019-08-08,2270.591826665969,2473.1286176045737,2261.5094593593053,2441.34033203125,207500
2019-08-09,2415.909588385972,2502.192073685471,2372.314227392541,2385.029541015625,116600
2019-08-13,2337.801073111623,2400.4694002463166,2302.3798447311437,2323.269287109375,102600
2019-08-14,2337.8011931244528,2374.1306599950735,2306.0129096126593,2333.260009765625,66900
2019-08-15,2252.4267693557917,2315.0950947935135,2243.344403350325,2305.1044921875,68300
2019-08-16,2303.287732663098,2329.62659080475,2233.353523114573,2279.673583984375,107200
2019-08-19,2294.2058198961213,2324.177629894764,2278.765796563487,2300.5634765625,57300
2019-08-20,2311.461889411408,2402.2855392900487,2311.461889411408,2338.708984375,47300
2019-08-21,2338.7092910796,2356.8740234375,2293.2974601848505,2356.8740234375,32800
2019-08-22,2385.029098756286,2432.257397741559,2343.2502188846984,2370.497314453125,90200
2019-08-23,2393.2035658616287,2398.6529857459436,2345.975260197566,2361.415283203125,30900
2019-08-26,2270.5916832659864,2290.5728900787267,2191.5750926883297,2240.619873046875,162400
2019-08-27,2256.0596271306817,2292.3890897253787,2246.0690249171403,2247.885498046875,40600
2019-08-28,2243.344175536707,2243.344175536707,2193.391167579412,2205.1982421875,43400
2019-08-29,2201.5655872776365,2217.913846589104,2108.92545117932,2144.3466796875,77700
2019-08-30,2173.4103083653285,2266.958683526895,2169.7773617571124,2228.812744140625,61200
2019-09-02,2195.20805063535,2240.6198845334748,2153.429163449075,2200.657470703125,45000
2019-09-03,2194.2996482956837,2266.0503404378023,2190.666701858108,2251.5185546875,45000
2019-09-04,2269.683569111955,2309.645984894639,2243.3447041642776,2276.949462890625,65300
2019-09-05,2295.1138525638485,2361.415123334391,2295.1138525638485,2325.993896484375,62400
2019-09-06,2358.6906215797635,2386.845958225498,2320.5446816081235,2346.883544921875,49100
2019-09-09,2361.4152926615843,2371.4058958228447,2309.645803553234,2367.77294921875,44300
2019-09-10,2365.0480797313085,2385.029284705997,2316.0033038843458,2332.3515625,42700
2019-09-11,2343.2507549830416,2343.2507549830416,2302.380102279849,2309.64599609375,42800
2019-09-12,2319.6362341327876,2372.3139559729216,2296.930319546523,2299.655029296875,47500
2019-09-13,2306.921206702745,2325.08594061379,2266.050555402893,2278.765869140625,55700
2019-09-17,2281.490218284131,2334.167938292284,2276.9490355248076,2315.094970703125,54800
2019-09-18,2329.6273240145906,2416.8180542701075,2321.453193053136,2345.9755859375,112700
2019-09-19,2361.4153010670734,2431.3495234448287,2361.4153010670734,2420.45068359375,79500
2019-09-20,2437.7072936695004,2463.137921174249,2434.074346883108,2450.422607421875,42400
2019-09-24,2469.495480715573,2529.439100328382,2464.9542974115725,2479.486083984375,68400
2019-09-25,2454.0554738087694,2487.6602304819467,2419.54248046875,2419.54248046875,50400
2019-09-26,2453.1469423208664,2490.384641186159,2424.083372474784,2434.073974609375,53200
2019-09-27,2445.8812856392337,2471.311911706036,2402.2859266675728,2427.716552734375,45100
2019-09-30,2405.918764013617,2424.08349609375,2389.570505141497,2424.08349609375,41700
2019-10-01,2415.0013941762018,2475.8532532998597,2415.0013941762018,2463.137939453125,57100
2019-10-02,2424.9920398299532,2482.2109531293117,2424.9920398299532,2468.58740234375,45100
2019-10-03,2442.248419534425,2461.3213897130126,2426.8083960565205,2458.5966796875,55900
2019-10-04,2466.770774694749,2513.090844469945,2458.5966447344204,2505.824951171875,67700
2019-10-07,2522.1728831752334,2524.89759280776,2434.0739383902146,2454.96337890625,59800
2019-10-08,2474.9451592531295,2484.935763565711,2420.450953911776,2439.52392578125,64400
2019-10-09,2406.8270175228836,2406.8270175228836,2331.443378860846,2344.15869140625,89800
2019-10-10,2350.5162779701077,2365.9562998887677,2293.297373212721,2299.655029296875,42600
2019-10-11,2298.74678637588,2325.9938838042785,2273.316162109375,2273.316162109375,56400
2019-10-15,2293.2975632485714,2337.8011595254743,2289.664616613722,2334.168212890625,39300
2019-10-16,2365.0479103915663,2404.1020809548677,2335.984341600272,2336.892578125,45500
2019-10-17,2318.728123120535,2368.681137915533,2311.462230059444,2335.984619140625,31200
2019-10-18,2345.0670715898923,2366.8647515736866,2345.0670715898923,2346.883544921875,21100
2019-10-21,2343.2504174017135,2365.048095703125,2330.535105059224,2365.048095703125,21700
2019-10-23,2370.497667609639,2424.0836302107764,2370.497667609639,2420.45068359375,36100
2019-10-24,2434.074170936109,2459.504796602606,2401.377652222042,2448.60595703125,32700
2019-10-25,2459.5047056165695,2494.9259329131155,2452.238812837791,2457.688232421875,36900
2019-10-28,2452.238946628076,2469.4954429191625,2419.542427339702,2454.055419921875,28100
2019-10-29,2477.669610662774,2516.7237870771805,2459.504877446772,2479.486083984375,43900
2019-10-30,2465.86256374783,2467.6790370912904,2429.533096878617,2452.239013671875,53800
2019-10-31,2472.2200711787996,2484.0271471983897,2448.6059191396193,2469.495361328125,25400
2019-11-01,2450.4224351347475,2484.935427178899,2450.4224351347475,2474.94482421875,25200
2019-11-05,2475.8532532998597,2506.733301213357,2463.137939453125,2463.137939453125,35900
2019-11-06,2478.5780470018262,2478.5780470018262,2430.441500101461,2447.697998046875,34300
2019-11-07,2441.340231326644,2463.1379119634894,2409.5519470645786,2444.06494140625,30600
2019-11-08,2463.137714657465,2498.558942854973,2444.064745628038,2475.85302734375,61600
2019-11-11,2506.7332084647737,2629.3451588788116,2504.916735125307,2591.19921875,108000
2019-11-12,2608.455709918478,2611.180419921875,2547.603853175951,2611.180419921875,87000
2019-11-13,2474.9446761917043,2592.107194807752,2453.146998309649,2558.50244140625,165100
2019-11-14,2554.86991963471,2673.848931178311,2552.1452094466895,2612.9970703125,94900
2019-11-15,2603.006369058468,2635.7028900933965,2556.6862975923195,2569.401611328125,56600
2019-11-18,2573.9427948051984,2595.740475495151,2544.8792205519285,2569.401611328125,43600
2019-11-19,2569.401405812478,2603.006160854918,2551.2366733571057,2594.83203125,37000
2019-11-20,2578.4837375555253,2584.841393829878,2532.163670413809,2549.420166015625,53000
2019-11-21,2538.5216096899976,2560.319290774992,2500.375667791257,2528.531005859375,48300
2019-11-22,2535.7968147352735,2595.7404357139726,2521.2650278313463,2590.291015625,47300
2019-11-25,2610.272053837067,2617.537946819216,2580.3002452857017,2594.83203125,37300
2019-11-26,2613.9052514941573,2674.757111066815,2602.098174263642,2647.510009765625,61500
2019-11-27,2654.7755914949007,2679.297979784453,2642.060279048466,2649.326171875,41100
2019-11-28,2643.876986683849,2672.0323238831616,2624.8040163230244,2642.96875,33100
2019-11-29,2633.8861202008156,2634.7943567939888,2589.382527135354,2630.253173828125,65000
2019-12-02,2669.307377147969,2695.646238644155,2649.326171875,2649.326171875,48800
2019-12-03,2609.363968742637,2650.234619140625,2593.015708583442,2650.234619140625,39400
2019-12-04,2651.1429475262207,2655.6841310608665,2616.6299526629127,2641.15234375,49600
2019-12-05,2661.133383185109,2665.6745664328646,2599.373291015625,2599.373291015625,49200
2019-12-06,2593.923977518065,2593.923977518065,2553.961563298599,2576.66748046875,55700
2019-12-09,2576.6674956950965,2612.0887266898476,2553.961578390769,2563.0439453125,35600
2019-12-10,2569.401538676393,2630.2533955485455,2569.401538676393,2591.19921875,51200
2019-12-11,2583.933035177905,2592.1071642874304,2533.980023953024,2539.429443359375,42900
2019-12-12,2555.778067308684,2563.0439608902298,2476.761474609375,2476.761474609375,58300
2019-12-13,2522.173368766959,2524.898078924071,2458.5967984343383,2468.58740234375,78400
2019-12-16,2463.13776252233,2472.220128903312,2401.377671131652,2415.001220703125,50500
2019-12-17,2401.377637820136,2443.1565225931035,2393.2035081906424,2415.909423828125,48200
2019-12-18,2417.7258867502765,2418.6341233718954,2345.9751936423604,2363.231689453125,61700
2019-12-19,2350.516125995919,2379.579694787213,2333.259632026088,2336.892578125,50100
2019-12-20,2365.9563657956264,2386.845807796893,2338.709267533105,2364.139892578125,42800
2019-12-23,2363.231552333048,2376.8551008668665,2312.370304473459,2320.54443359375,59200
2019-12-24,2338.7095062327,2346.883636545746,2309.6459317863128,2337.80126953125,46100
2019-12-25,2347.7917627713095,2366.864732604268,2327.8105562796386,2334.168212890625,33800
2019-12-26,2344.15922994621,2374.1310449745806,2336.893335393878,2355.96630859375,52600
2019-12-27,2367.6095385808453,2412.927064905244,2367.6095385808453,2385.181640625,40700
2019-12-30,2373.1585701989643,2373.1585701989643,2327.8410448911895,2354.66162109375,48400
2020-01-06,2338.9394192355157,2346.338199525703,2298.2461276394847,2318.5927734375,64700
2020-01-07,2322.2919410838895,2399.979126687652,2322.2919410838895,2381.482177734375,35500
2020-01-08,2343.5632993402296,2378.7075003563814,2268.6506603321163,2331.540283203125,69600
2020-01-09,2382.4071409522885,2391.6556158783455,2355.586563666723,2384.2568359375,32500
2020-01-10,2399.0541627659004,2425.8747374460127,2378.7075199051255,2415.701416015625,35300
2020-01-14,2432.3489070653463,2443.447076983515,2418.476194667635,2436.97314453125,35400
2020-01-15,2417.5512946771714,2417.5512946771714,2396.279802795926,2406.453125,27300
2020-01-16,2403.678859528186,2404.603707107843,2354.6619378063724,2358.361328125,46200
2020-01-17,2347.2632426167584,2372.234128176511,2318.592966603709,2356.51171875,44100
2020-01-20,2362.0605512431325,2377.782958984375,2346.33814350189,2377.782958984375,19600
2020-01-21,2383.331963192266,2411.07738767646,2376.8580308126207,2395.35498046875,26500
2020-01-22,2386.1066162943885,2446.221705464596,2386.1066162943885,2435.12353515625,36300
2020-01-23,2446.221710099155,2448.9962526814984,2398.129638671875,2398.129638671875,53400
2020-01-24,2409.2280628220783,2416.626843821148,2361.135986328125,2361.135986328125,35200
2020-01-27,2346.3384533442286,2346.3384533442286,2265.876708984375,2265.876708984375,92300
2020-01-28,2242.755016159175,2298.245861919814,2214.084745849511,2292.69677734375,44600
2020-01-29,2295.4715002553307,2320.4423828125,2275.1248552087486,2320.4423828125,32800
2020-01-30,2322.2918891565864,2328.7658211454736,2247.37924757089,2276.974365234375,69900
2020-01-31,2301.021054343475,2313.96892201261,2277.8998620771617,2310.26953125,29000
2020-02-03,2225.1832957892375,2330.6159207767573,2219.6342102635786,2315.818359375,47100
2020-02-04,2312.118572675789,2353.736706983954,2301.9452509560156,2329.690673828125,31200
2020-02-05,2341.7137567201003,2365.7597905568787,2328.7658923464505,2354.66162109375,33900
2020-02-06,2354.661800787316,2392.580549346734,2353.736953261476,2382.4072265625,49100
2020-02-07,2367.609555984556,2398.1295229171697,2353.7368437424593,2395.35498046875,26200
2020-02-10,2392.5806521624154,2396.280042424746,2364.8352251949345,2390.73095703125,25100
2020-02-12,2390.731042853816,2396.280128446513,2335.2401869268415,2388.88134765625,23800
2020-02-13,2398.12955392741,2607.145087744454,2335.239924283344,2595.1220703125,175300
2020-02-14,2571.0758499994167,2608.994594549768,2472.117175197281,2477.666259765625,65100
2020-02-17,2432.348884725918,2449.9209869349647,2382.4071205528385,2411.077392578125,49300
2020-02-18,2364.8352197063855,2367.6097623966944,2232.5820181350077,2238.131103515625,104300
2020-02-19,2284.373279876129,2442.5221992521683,2275.1248050588165,2432.348876953125,83400
2020-02-20,2432.3487391746926,2447.146298044197,2292.69677734375,2292.69677734375,168800
2020-02-21,2298.2459102775865,2332.4652658833293,2277.8992664039015,2307.494384765625,43500
2020-02-25,2168.7673016716453,2242.755098743599,2163.2182168912486,2201.136962890625,58000
2020-02-26,2186.3393910768546,2238.1308487334973,2154.894577499607,2206.68603515625,56500
2020-02-27,2207.611023785317,2218.7091939928673,2090.155389088737,2092.929931640625,74300
2020-02-28,1988.4221975932032,1990.2718926607315,1868.1920182038464,1902.411376953125,126600
2020-03-02,1892.2380403615928,2092.9299537332768,1883.9144126180668,2013.39306640625,78600
2020-03-03,2092.004918269088,2092.004918269088,1928.306920685698,1948.653564453125,78000
2020-03-04,1905.185734586349,1985.6474622120832,1905.185734586349,1948.653564453125,50100
2020-03-05,2005.994381129488,2012.4683141252956,1933.856270604776,1956.0526123046875,41700
2020-03-06,1899.6369674140117,1905.186053005289,1841.3715687055976,1846.920654296875,62500
2020-03-09,1735.9388738661614,1752.5861299820865,1591.6626541948128,1619.4080810546875,112500
2020-03-10,1573.1656361411783,1692.4709665716382,1507.5014620282898,1684.1473388671875,110400
2020-03-11,1708.193316571124,1714.6672490107549,1637.9049072265625,1637.9049072265625,78900
2020-03-12,1600.9110402600832,1646.228568262824,1505.6517467033018,1552.8189697265625,83400
2020-03-13,1384.496744684305,1469.5827169695128,1352.1270813149324,1402.06884765625,95200
2020-03-16,1422.4154823993244,1576.8650178744138,1408.5427696321008,1441.8372802734375,82000
2020-03-17,1388.1960815429688,1514.9001875865308,1365.9997417981112,1461.259033203125,97100
2020-03-18,1470.5076808251706,1562.9924406254956,1456.6349668551218,1457.559814453125,53800
2020-03-19,1525.9983514876462,1525.9983514876462,1277.2143778208724,1303.110107421875,114900
2020-03-23,1322.5321330517356,1433.513850510623,1321.607285406245,1427.0399169921875,80200
2020-03-24,1462.184025766226,1518.5997282151443,1437.213141075721,1502.8773193359375,75400
2020-03-25,1613.858843931218,1623.10731868154,1545.420130778834,1614.78369140625,72300
2020-03-26,1568.541524621212,1604.6105809067235,1519.5246019767992,1525.99853515625,92200
2020-03-27,1581.4893202837775,1622.182612735524,1516.749991383272,1572.2408447265625,49000
2020-03-30,1482.5306725510818,1537.0966798377403,1474.2070443209134,1502.8773193359375,74400
2020-03-31,1550.0443732180372,1600.910984510992,1513.0504740958884,1540.7958984375,65500
2020-04-01,1517.6749014005848,1560.217890714678,1440.91255111646,1460.3343505859375,54300
2020-04-02,1456.6348256974566,1475.1317758650432,1403.9185177198342,1465.88330078125,35900
2020-04-03,1525.9984317870778,1528.772974390327,1419.6409653291903,1430.7391357421875,52400
2020-04-06,1437.213070602326,1564.8420305399843,1418.7161198867234,1551.8941650390625,71400
2020-04-07,1625.8819408886216,1688.7715722768048,1575.0153272658265,1615.7086181640625,80000
2020-04-08,1609.234861756959,1837.6722243167112,1575.9403473757804,1777.55712890625,136400
2020-04-09,1775.7072165266798,1901.4864776973195,1752.5860288114886,1871.891357421875,109300
2020-04-10,1882.9894270142072,1972.699630560562,1863.5676303701512,1916.283935546875,121900
2020-04-13,1903.3360926214257,1983.7978224844303,1873.7409735913548,1960.6766357421875,79500
2020-04-14,1923.682864088648,2091.0802671655924,1921.833169027024,2044.837890625,116100
2020-04-15,1990.2719371570645,2102.1784912444273,1924.6077607917523,2022.6416015625,113800
2020-04-16,2068.883738027454,2131.7733643957454,2032.814687610346,2128.073974609375,101500
2020-04-17,2168.7674409696597,2231.6570725201655,2115.126284647169,2192.8134765625,150300
2020-04-20,2264.0264926675977,2483.21533203125,2243.6798493511405,2483.21533203125,234400
2020-04-21,2529.4577456570933,2543.3304572420498,2400.903951636495,2519.284423828125,315800
2020-04-22,2451.7705514958993,2461.019025850844,2298.2458772038135,2413.851806640625,275300
2020-04-23,2449.921027959386,2506.336725469964,2375.933227945512,2499.86279296875,200900
2020-04-24,2459.1693059366953,2485.0650338668297,2397.204528389588,2424.949951171875,112700
2020-04-27,2487.840077349147,2702.404723425356,2462.869191814416,2677.433837890625,314200
2020-04-28,2750.4964049809328,2968.7604102181554,2696.855251151446,2917.893798828125,539200
2020-04-30,2913.269651394913,2954.8877892719834,2843.9060882664626,2931.7666015625,230600
2020-05-01,2950.263602976419,3093.6149692652416,2825.4091871764763,3015.0029296875,332400
2020-05-07,3047.372674834862,3301.7057508832954,3033.499961595857,3292.457275390625,392800
2020-05-08,3292.457019322519,3371.069054896231,2973.384639640982,3028.87548828125,451800
2020-05-11,2922.518201588502,3088.990757375189,2774.5425964447804,3056.62109375,414300
2020-05-12,3056.620756879405,3246.214480074648,2973.384488159542,3116.73583984375,271400
2020-05-13,3246.214885225628,3648.52356758265,3236.9664097691443,3593.03271484375,799000
2020-05-14,3556.039121397738,3750.2571228264833,3412.6877393908076,3565.28759765625,687600
2020-05-15,3597.6568496436407,3699.390076754386,3523.669048108553,3690.1416015625,355500
2020-05-18,3865.8628548462984,3884.3598063048935,3643.899437343162,3685.517578125,330700
2020-05-19,3727.135377498636,3736.3838523807663,3560.6628296202853,3708.638427734375,332900
2020-05-20,3764.12915816239,4295.916447091966,3731.759497097112,4212.68017578125,1013300
2020-05-21,4254.298909942267,4420.771475983485,4180.311102812836,4305.16552734375,707800
2020-05-22,4369.904417273116,4892.443252354452,4263.546955265411,4725.970703125,1431200
2020-05-25,4799.958956994743,5160.649514456775,4679.7287711740655,4947.9345703125,1197500
2020-05-26,4790.710191258844,4938.685795622052,4642.734586895636,4901.69189453125,795300
2020-05-27,4735.219407265775,4873.946538338014,4610.364989300759,4836.95263671875,558000
2020-05-28,4873.946744791667,4947.934551164216,4614.989422487745,4716.72265625,504700
2020-05-29,4744.467954899293,5225.388683271151,4698.22557717123,5151.40087890625,1128000
2020-06-01,5456.600620599441,6076.248487684462,5456.600620599441,5993.01220703125,1146700
2020-06-02,6547.920743945029,6612.660073334317,6094.74543822002,6372.19970703125,1013600
2020-06-03,6612.660305217161,7250.805145860495,6427.690786190107,7093.5810546875,1523700
2020-06-04,7084.3314991918105,7361.785735452586,6557.168450296336,6705.14404296875,1146600
2020-06-05,6335.2057684035535,6473.9329020182295,6039.2545500255765,6214.9755859375,819700
2020-06-08,6279.714792816629,6732.890087143603,6122.4907111113525,6649.65380859375,718800
2020-06-09,6594.162874230155,6843.871706774635,6261.217764170849,6335.20556640625,471800
2020-06-10,6150.236291982266,6510.926841436865,6103.993913847061,6372.19970703125,342600
2020-06-11,6307.4608436267035,6742.139230210948,6307.4608436267035,6446.18798828125,430400
2020-06-12,6168.7330880834925,6788.380939510171,6131.739186505781,6649.65380859375,554800
2020-06-15,6927.107439092251,6991.846760952927,6473.9321860675245,6557.16845703125,492200
2020-06-16,6945.605395314562,7250.80509976913,6816.126732818684,7010.3447265625,887800
2020-06-17,7232.307700731575,8120.161331511922,7223.059225410947,7999.93115234375,1254100
2020-06-18,8508.596688329646,8739.808554860343,8240.390923154036,8360.62109375,990400
2020-06-19,8240.390017506272,8508.595753205129,7999.929702741779,8295.880859375,629500
2020-06-22,8462.354060488198,8665.820496915236,8323.62694474249,8619.578125,497500
2020-06-23,8776.804068678253,9165.240075932716,8684.319305046238,9063.5068359375,832400
2020-06-24,8943.276076672426,9294.718156210742,8878.536746231157,9202.2333984375,658300
2020-06-25,9414.948170731706,10238.0625,9350.208841463416,9858.875,987500
2020-06-26,10608.001245615433,11005.685686383928,10108.583575813138,10876.20703125,997500
2020-06-29,10432.280294514389,11088.922050640738,10154.82603136241,10284.3046875,981600
2020-06-30,10644.994768205706,10802.218843843844,7907.446157094595,9239.2265625,1804100
2020-07-01,9155.990751689187,9488.935869932431,8249.640152027026,8554.83984375,860300
2020-07-02,8342.124520553754,8342.124520553754,7269.301411480323,7666.98583984375,1589100
2020-07-03,7666.98619114112,8573.336790335125,7639.240764635181,8175.65234375,1426800
2020-07-06,8184.899597167969,9035.759216308594,8120.160278320312,9026.5107421875,977800
2020-07-07,9146.74090576172,9322.4619140625,8332.875183105469,8434.6083984375,1305600
2020-07-08,8693.565673828125,8739.808044433594,8434.6083984375,8434.6083984375,475000
2020-07-09,8527.095106397972,8702.816155228298,8073.919769940812,8203.3984375,442400
2020-07-10,7925.94290368607,8184.900198088883,7408.0283148804465,7482.01611328125,665200
2020-07-13,7343.2892347632,7944.4401167022515,7269.3014339091615,7445.0224609375,526800
2020-07-14,7306.295570775082,7445.022701865748,6751.3870464124175,7028.84130859375,672900
2020-07-15,7278.55050231858,7500.513922973784,6908.611467893239,7463.52001953125,593000
2020-07-16,7232.307536687078,7389.531613571579,6825.374631809544,6843.87158203125,554100
2020-07-17,6686.647792469371,6732.8901700106535,6298.2118211226025,6510.9267578125,934400
2020-07-20,6483.180480092511,6908.610297616413,6409.192685740528,6529.4228515625,659900
2020-07-21,6936.356393914474,7629.992033305922,6843.8716419956145,7380.283203125,1726600
2020-07-22,7121.325736872192,7500.513211173178,6982.598612127928,7204.56201171875,974600
2020-07-27,7038.090126372739,7260.053546915375,7038.090126372739,7158.3203125,334900
2020-07-28,7075.083342251713,7639.240314640411,7075.083342251713,7426.525390625,693200
2020-07-29,7389.531075433128,7491.264294243848,7075.082944563634,7139.822265625,373600
2020-07-30,7278.550113600128,7371.034867267219,7167.568409199617,7250.8046875,395200
2020-07-31,7139.822940241992,7186.065316797963,6603.411372192722,6640.4052734375,504300
2020-08-03,6769.883608217593,6880.865306712963,6603.411060474537,6742.13818359375,360900
2020-08-04,6991.8466796875,7102.828373015874,6816.12566525091,6991.8466796875,308600
2020-08-05,6871.616867105478,7056.586365547079,6797.629067728838,7047.337890625,191400
2020-08-06,7038.089046814282,7232.307009998382,6917.858879128887,7139.822265625,275000
2020-08-07,7102.82806122449,7139.8219573767,6723.640625664328,6797.62841796875,311400
2020-08-11,6584.914431117958,6723.6415609870155,6418.441875275088,6566.41748046875,358000
2020-08-12,6843.8724696242825,6964.102661658222,6446.18798828125,6446.18798828125,405500
2020-08-13,6436.939107590966,7371.03515625,6436.939107590966,7371.03515625,757900
2020-08-14,7509.76183042503,7916.694737492397,7204.562150124506,7602.24658203125,1246900
2020-08-17,7463.519549768884,7537.5073519970765,7297.046994755452,7315.5439453125,248500
2020-08-18,7491.265450613839,7768.7197265625,7417.277643694196,7768.7197265625,477100
2020-08-19,7907.44687111962,8490.100851096855,7907.44687111962,8379.119140625,894800
2020-08-20,8305.130705734779,8841.542265793372,8295.882230561356,8582.5849609375,832000
2020-08-21,8739.807594324833,8767.553015259198,8212.644596571907,8295.880859375,562200
2020-08-24,8434.608918662383,8443.8573933539,7907.445861245984,7916.6943359375,387900
2020-08-25,7861.204172227165,8157.155388122776,7740.973990769573,7796.46484375,362900
2020-08-26,7972.184634118909,8351.3720703125,7861.202945476883,8351.3720703125,446700
2020-08-27,8508.596630586593,8693.566122555867,8120.160697451118,8277.384765625,454600
2020-08-28,8138.658123881265,8277.385250992878,7657.737416561009,7750.22216796875,392700
2020-08-31,7953.688404017857,8240.391125558035,7888.949079799107,8092.41552734375,238600
2020-09-01,8018.427005406692,8499.34765625,8018.427005406692,8499.34765625,322500
2020-09-02,8675.06990410008,8823.045510140168,8453.106495039952,8536.3427734375,486400
2020-09-03,8564.088241354517,8564.088241354517,8231.143126139872,8240.3916015625,290200
2020-09-04,7824.209969094944,8055.421847614298,7611.495040857138,7750.22216796875,561100
2020-09-07,7888.949329612865,7888.949329612865,7287.798442831111,7454.27099609375,351500
2020-09-08,7408.029092324747,7574.501656197213,7223.059576910896,7528.25927734375,227500
2020-09-09,7250.804618362831,7472.768025047408,7223.059192527259,7315.5439453125,218400
2020-09-10,7454.270754997272,7694.731101932668,7361.786006175966,7417.27685546875,193700
2020-09-11,7537.507298029649,7796.464603974226,7426.525595481973,7759.470703125,236900
2020-09-14,7861.203733632263,7907.446108535982,7666.985759036642,7879.70068359375,175100
2020-09-15,7907.446280575572,8009.179507577129,7833.458479119894,7981.43408203125,166800
2020-09-16,8027.675596702757,8277.384399825998,7981.433225754007,8221.8935546875,307700
2020-09-17,8157.154651202986,8388.366517733682,8073.918379251935,8360.62109375,291600
2020-09-18,8369.869018419504,8517.84460327554,8268.13580383098,8351.3720703125,398500
2020-09-23,8397.616224544481,8656.573553054663,8351.373844453377,8628.828125,346700
2020-09-24,8684.318761669614,9266.972736094733,8554.840100686255,8823.0458984375,925700
2020-09-25,9165.238682577055,9562.9231057363,9054.256983090754,9451.94140625,880400
2020-09-28,9858.874974609374,9951.35973046875,8887.785038085938,9248.4755859375,685800
2020-09-29,9109.74747532098,9599.916628815408,9017.262729378634,9544.42578125,360300
2020-09-30,9544.426045816734,9655.407744023903,9285.46875,9285.46875,281500
2020-10-02,9590.668517243195,10219.564813455863,9442.692918134331,9599.9169921875,848900
2020-10-05,10043.843707660815,10043.843707660815,9553.674539607387,9812.6318359375,358600
2020-10-06,9988.353633825647,10136.329243215658,9562.923756829372,9627.6630859375,373400
2020-10-07,9516.681919910628,9738.645346614085,9424.197158784187,9636.912109375,223000
2020-10-08,9831.128708955546,10201.067700825934,9590.668364239797,10025.3466796875,566100
2020-10-09,9895.868190405226,9988.352939848266,9516.680717688763,9599.9169921875,476800
2020-10-12,9775.638928155216,10043.8447265625,9572.172460397962,10043.8447265625,335100
2020-10-13,10173.322073772142,11579.0902148752,10016.0980053593,11486.60546875,1710200
2020-10-14,11542.096153846154,12818.38563239645,11532.847679363906,12503.9375,2298200
2020-10-15,12725.90246280842,13142.083866025265,12355.963437726778,12744.3994140625,1635800
2020-10-16,12402.205891800815,12642.666259576225,11625.333934372577,11921.28515625,917600
2020-10-19,11819.551649944771,12661.162917663843,11486.60653304492,12559.4296875,832800
2020-10-20,12429.95110103627,12920.1203036813,12143.248359866531,12494.6904296875,661200
2020-10-21,12328.216917573736,12522.434888518255,12032.265723753511,12346.7138671875,398900
2020-10-22,12069.259554413158,12207.986675728253,11412.617846855048,11588.3388671875,575900
2020-10-23,11181.40706026972,11255.394865465882,10737.48022909276,11079.673828125,606200
2020-10-26,11005.685749459775,11347.879339989197,10432.2802734375,10432.2802734375,451900
2020-10-27,9988.353386563876,10848.461594851322,9886.620157626652,10497.01953125,616800
2020-10-28,10774.473878970815,11301.636978628616,10700.486075510073,11190.6552734375,626100
2020-10-29,11005.686098845108,11162.910185971466,10506.268410326087,10635.7470703125,384700
2020-10-30,10571.00838710477,10848.462675480225,10136.330001983228,10201.0693359375,368900
2020-11-02,10265.807024403251,10571.00669269632,9942.110406516662,10025.3466796875,336800
2020-11-04,10432.280880535252,10829.96534672587,10349.044596913962,10755.9775390625,451600
2020-11-05,11144.412816884564,11301.636898118622,10848.461605149872,10876.20703125,455400
2020-11-06,11116.665955050294,11125.914429222548,10700.484617298827,11033.4296875,314300
2020-11-09,11209.15118911324,11458.8600027321,10996.436273808284,11107.41796875,390500
2020-11-10,10219.564234091882,10441.527620171706,9340.95916419258,9442.6923828125,694400
2020-11-11,9063.50487141294,9544.42553805934,8878.535384241246,9507.431640625,379400
2020-11-12,10108.583891818786,11162.91011658305,9331.711936729327,9562.923828125,1149700
2020-11-13,9313.214088154662,9932.861897396331,9313.214088154662,9646.1591796875,361300
2020-11-16,9461.189331652486,9562.922550272404,9137.492726952742,9442.6923828125,363500
2020-11-17,9183.736461827422,9313.21512292066,8425.361446852752,8443.8583984375,544800
2020-11-18,8582.585655737705,8656.573463114753,8351.373757684427,8462.35546875,263500
2020-11-19,8517.84615265377,8841.542803406084,8342.125113673943,8739.8095703125,293500
2020-11-20,9017.26268841448,9257.7230267722,8841.541671922301,9165.23828125,423100
2020-11-24,9109.747887852296,9239.226538034967,8823.045162447808,8860.0390625,315100
2020-11-25,8860.038699366465,8906.281072536436,8638.075308150605,8804.5478515625,189800
2020-11-26,8906.281895406377,9128.2453071299,8749.057812102215,9082.0029296875,195800
2020-11-27,8971.020616539094,9155.990113787324,8804.54806901569,9137.4931640625,180200
2020-11-30,9248.474594234496,9609.16510340964,9248.474594234496,9544.42578125,287700
2020-12-01,9710.89923051152,10312.05013525747,9553.67514773181,10136.3291015625,521000
2020-12-02,10016.099552587286,10071.590408834309,9581.421178652288,9701.6513671875,396500
2020-12-03,9507.433542662224,9572.172876123932,9137.494494309609,9192.9853515625,307400
2020-12-04,9405.699166434151,9572.171718052456,9109.747963557167,9322.462890625,265200
2020-12-07,9359.45654880478,9544.426045816734,9174.487051792828,9285.46875,203300
2020-12-08,9155.991239107572,9664.657419057992,9008.015623121995,9618.4150390625,231200
2020-12-09,9516.681427758587,9599.917708467849,8897.033560256328,8952.5244140625,350300
2020-12-10,8776.80366626496,9091.251848196476,8647.325003116688,8693.5673828125,247200
2020-12-11,8786.051285660662,9294.717412725226,8786.051285660662,9239.2265625,299700
2020-12-14,9146.74196477522,9276.220617461624,8906.281609786185,8961.7724609375,203300
2020-12-15,9008.014677464836,9165.238752944202,8628.827201308719,8712.0634765625,229400
2020-12-16,8684.318478721108,8860.039512901832,8582.58524840595,8702.8154296875,154600
2020-12-17,8823.04540102001,8924.778628914371,8647.32437102066,8897.033203125,183300
2020-12-18,8850.790936272684,8897.033313160211,8480.851921172467,8536.3427734375,281900
2020-12-21,8527.092955544575,8628.82616868014,8416.111268487595,8480.8505859375,135800
2020-12-22,8397.61501510055,8499.348236649124,7981.433654220016,7990.68212890625,230900
2020-12-23,8055.421883486928,8120.161209760646,7851.955429483813,7981.43408203125,262000
2020-12-24,7953.68895359303,8055.422184394802,7861.204198318693,8027.6767578125,190700
2020-12-25,7935.191948254125,8018.428227431616,7546.755978759168,7565.2529296875,246400
2020-12-28,7676.233760598711,7972.184941730228,7629.991388546912,7805.71240234375,276400
2020-12-29,8000.258566103024,8251.4294745737,7907.232303706478,8149.1005859375,242200
2020-12-30,8009.563089247881,8316.54982786017,7944.444690148305,8232.826171875,147100
2021-01-04,8232.825221284907,8781.680236037233,8232.825221284907,8744.4697265625,278800
2021-01-05,8828.19337288065,8865.403882355386,8428.180396027261,8744.4697265625,290300
2021-01-06,8790.983951580765,8967.7338934644,8670.049780818279,8753.7734375,237200
2021-01-07,8614.23177660754,8651.44228104213,8372.363497782706,8390.96875,213300
2021-01-08,8558.415798611111,8856.099826388889,8483.994791666666,8790.9814453125,204900
2021-01-12,8707.258266410614,8790.981903587639,8251.429575113478,8325.8505859375,247900
2021-01-13,8279.337454172486,8446.784728526536,8195.613816995461,8325.8505859375,141000
2021-01-14,8344.45639681654,8632.837833049887,8204.9169921875,8204.9169921875,248000
2021-01-15,8214.219411506172,8260.73254520666,8065.37738366461,8102.587890625,147500
2021-01-18,7925.838378359463,8307.24609375,7832.81210631299,8307.24609375,173900
2021-01-19,8288.640851465285,8372.364496429582,8149.101443191459,8223.5224609375,101400
2021-01-20,8270.035263781601,8530.50881539677,8270.035263781601,8279.337890625,141000
2021-01-21,8381.6674638817,8763.0751953125,8335.154325902335,8763.0751953125,247300
2021-01-22,8707.259338116954,8884.009260578729,8614.233063137071,8670.048828125,154600
2021-01-25,8697.956162151107,8865.403446556156,8623.535146859975,8707.2587890625,73000
2021-01-26,8828.192813196812,9051.455855890936,8753.771798965437,8865.4033203125,241300
2021-01-27,8809.587204235562,9674.731459772953,8800.284577831935,9423.560546875,578100
2021-01-28,9209.599949317642,9349.139342489125,8744.468638746044,8818.8896484375,334800
2021-01-29,8958.42926089638,9432.863209292764,8772.376732113487,8837.4951171875,366500
2021-02-01,8790.98310586412,9209.601349000506,8474.693766605516,9190.99609375,201700
2021-02-02,9218.902660264328,9451.468317687748,9125.87639729496,9414.2578125,172100
2021-02-03,9572.403223518768,9618.916358715653,9423.56119088874,9479.376953125,139100
2021-02-04,9516.587353419696,9814.271415305748,9349.140068608793,9470.07421875,187900
2021-02-05,9553.796991163685,9628.21799985824,9144.481443343624,9228.205078125,176900
2021-02-08,9209.600470472196,9311.929364588552,9042.153189190882,9284.021484375,126100
2021-02-09,9367.746045582991,9618.9169921875,9302.627652018858,9618.9169921875,156600
2021-02-10,9665.429591646924,9804.968998648566,9572.4033203125,9572.4033203125,125800
2021-02-12,9693.336490016074,9721.244368586178,9321.231442414688,9404.955078125,167300
2021-02-15,8465.389864737526,8902.613297311882,8381.666228712651,8483.9951171875,464300
2021-02-16,8465.391457237729,8670.049272687433,8456.088829262742,8623.5361328125,200400
2021-02-17,8558.416917741031,8688.653696924046,8297.943359375,8297.943359375,220400
2021-02-18,8251.430342592266,8493.298650266897,8111.890934318439,8223.5224609375,201900
2021-02-19,8046.77197265625,8167.706117910043,7925.837827402456,8046.77197265625,187100
2021-02-22,8093.286011607935,8093.286011607935,7842.115066420102,7870.02294921875,156600
2021-02-24,7674.667432831555,7721.18056878811,7246.74658203125,7246.74658203125,306500
2021-02-25,7460.707007431402,7544.430652153202,7228.141327648628,7246.74658203125,124100
2021-02-26,6902.548879110191,7153.719795196411,6818.825240414784,6949.06201171875,207900
2021-03-01,7107.206610090971,7144.417115902965,6790.917310689017,6902.548828125,175900
2021-03-02,7069.996593084221,7163.022864045855,6930.457186641769,6986.27294921875,170200
2021-03-03,6976.970672607422,7069.9969482421875,6679.286590576172,6846.73388671875,199000
2021-03-04,6604.8647413399685,6753.706763680025,6511.838477377434,6688.58837890625,197700
2021-03-05,6539.746461995443,6725.798992919922,6362.996557617188,6697.89111328125,191600
2021-03-08,6735.101402006441,6883.943421940286,6642.075139547789,6679.28564453125,150800
2021-03-09,6511.838527279006,6772.312068370165,6288.575492058011,6735.1015625,209900
2021-03-10,7088.601769158455,7097.904396152101,6660.680927450726,6725.79931640625,130100
2021-03-11,6651.378066119026,6958.36474609375,6539.746546128216,6958.36474609375,123200
2021-03-12,7060.693568638393,7200.232967228085,6976.969929484579,7163.0224609375,127800
2021-03-15,7116.509658254255,7144.417539267016,6911.851864160668,7107.20703125,121800
2021-03-16,7209.535908028292,7404.891074568414,7163.022773137787,7274.654296875,117100
2021-03-17,7190.930498575427,7302.56201989872,7116.509484359899,7218.83837890625,87100
2021-03-18,7256.049003601074,7321.16739209493,7079.299091974894,7144.41748046875,128400
2021-03-19,6874.641005435933,6921.154138084349,6753.706860550051,6865.33837890625,225800
2021-03-22,6735.101520707026,6809.522531985556,6511.838486871434,6521.14111328125,179900
2021-03-23,6623.470717016358,6800.220637835615,6530.44444290096,6539.7470703125,170400
2021-03-24,6446.720420837402,6604.865077625622,6437.417793967507,6549.04931640625,129600
2021-03-25,6521.1416984899715,6521.1416984899715,6111.8260997259795,6232.76025390625,240400
2021-03-26,6325.785904255319,6586.259441489361,6316.483277925531,6558.3515625,211300
2021-03-29,6549.049354416168,6632.772996731147,6186.24690438459,6214.15478515625,190700
2021-03-30,6139.733848926084,6223.45749232053,6009.4970703125,6009.4970703125,224600
2021-03-31,6102.523460511782,6446.7206678882085,6093.220833285392,6316.48388671875,254500
2021-04-01,6409.509896148936,6716.49658203125,6372.299388769261,6716.49658203125,176100
2021-04-02,6716.496160173209,6744.404038955092,6390.904241051239,6428.11474609375,276600
2021-04-05,6576.95727610658,6576.95727610658,6260.667958726632,6344.3916015625,129500
2021-04-06,6437.417920419395,6604.865207366721,6279.273260524699,6390.90478515625,136300
2021-04-07,6325.786231884058,6549.049275362318,6214.154710144927,6418.8125,145200
2021-04-08,6409.510146739871,6409.510146739871,6251.365484193314,6400.20751953125,88000
2021-04-09,6493.233564242356,6651.378221251124,6456.023056710881,6465.32568359375,145500
2021-04-12,6456.023085177302,6456.023085177302,6195.549531308477,6214.15478515625,162200
2021-04-13,6167.64180440931,6297.878584592915,6158.339177253338,6269.970703125,102700
2021-04-14,6279.273064883574,6400.20721279985,6195.54942401846,6204.85205078125,127200
2021-04-15,6167.6416015625,6195.549482112557,6009.49694511218,6167.6416015625,129600
2021-04-16,6111.826064691311,6242.0628453696645,6093.22081030869,6102.5234375,115400
2021-04-19,6065.312963502798,6242.062881150886,6009.497200034981,6232.76025390625,154900
2021-04-20,6074.615241957007,6121.128375509511,5916.4705878784935,5990.8916015625,170700
2021-04-21,5842.0497265625,5888.562861328125,5581.576171875,5581.576171875,216300
2021-04-22,5646.694579305528,5879.26025390625,5646.694579305528,5879.26025390625,152900
2021-04-23,5795.536775573828,6028.10245677663,5749.023639333267,5851.3525390625,107400
2021-04-26,5832.7468485065065,5935.075740585568,5776.931089190654,5897.865234375,61600
2021-04-27,5972.286864454373,6056.010512086911,5823.44482421875,5823.44482421875,80400
2021-04-28,5758.326219607622,5869.957745674329,5730.418338090945,5804.83935546875,71200
2021-04-30,5721.115190660631,5739.720443313186,5507.15478515625,5507.15478515625,140200
2021-05-06,5469.944508870442,5488.549762301975,5349.010361565484,5358.31298828125,140600
2021-05-07,5274.589241677989,5376.918133491848,5237.378735563859,5349.01025390625,121600
2021-05-10,5302.497462681362,5349.010598318917,5135.0501743861605,5209.47119140625,202200
2021-05-11,5116.445065616222,5172.260829968399,4939.695145167661,4967.60302734375,251300
2021-05-12,5042.023615568018,5237.378774104786,4790.852697449316,4846.66845703125,329400
2021-05-13,4437.352643412928,4735.036678191154,4381.536886892011,4614.1025390625,395200
2021-05-14,4548.984363443047,4800.155279215976,4474.56335136218,4716.431640625,256700
2021-05-17,4790.8534032507,4874.577054957994,4530.379820161342,4567.59033203125,212500
2021-05-18,4562.938463483538,4725.73443312872,4525.727956136067,4688.52392578125,131200
2021-05-19,4642.010522171443,4846.668300704051,4628.056582726038,4707.12890625,127400
2021-05-20,4697.826919555664,4828.063705444336,4697.826919555664,4762.9453125,82900
2021-05-21,4837.366441276803,4967.603230080409,4762.945419103314,4772.248046875,102900
2021-05-24,4744.339577767769,4781.550084260065,4637.359371602417,4679.22119140625,73700
2021-05-25,4697.826964269524,4902.484772613939,4697.826964269524,4809.45849609375,113300
2021-05-26,4865.273549378034,4893.181428246359,4753.642033904733,4790.8525390625,82600
2021-05-27,4790.853257066622,4818.761140117495,4725.73486328125,4725.73486328125,67700
2021-05-28,4735.036951144694,4772.2474576369905,4669.918564783176,4679.22119140625,79800
2021-05-31,4772.248001699372,4846.669023168369,4679.221724863128,4725.73486328125,59500
2021-06-01,4707.129705986368,4735.037589618699,4511.774520560057,4521.0771484375,316300
2021-06-02,4511.77387491862,4576.892260742187,4446.655489095052,4465.2607421875,94800
2021-06-03,4455.957953729101,4507.122397874216,4358.280378542972,4451.306640625,118900
2021-06-04,4386.188152458514,4414.096030416893,4274.556640625,4274.556640625,133900
2021-06-07,4404.793143830927,4716.431095928785,4400.141831113048,4669.91796875,300500
2021-06-08,4642.010688314945,4735.036954613842,4535.030482071214,4637.359375,153200
2021-06-09,4637.3595361328125,4716.431865234375,4614.10296875,4651.3134765625,80500
2021-06-10,4679.221442602962,4828.0634765625,4642.010934113078,4828.0634765625,129500
2021-06-11,4893.181319616337,4939.69445003094,4679.220919709158,4697.826171875,168600
2021-06-14,4772.247444255338,4865.273710225228,4679.221178285448,4846.66845703125,111100
2021-06-15,4874.576175667476,4874.576175667476,4735.03678132585,4790.8525390625,65300
2021-06-16,4707.129441352739,4762.945205479452,4651.313677226027,4753.642578125,54700
2021-06-17,4697.826676548194,4697.826676548194,4544.333329690679,4572.2412109375,97300
2021-06-18,4679.221749794616,4753.6427716601365,4544.333647663359,4600.1494140625,125800
2021-06-21,4535.030582972935,4744.339686802455,4535.030582972935,4688.52392578125,106100
2021-06-22,4735.036676206683,4762.9445544554455,4679.220919709158,4697.826171875,41500
2021-06-23,4688.523649878641,4818.7604179308255,4688.523649878641,4790.8525390625,79200
2021-06-24,4716.431806291853,4772.2475673130575,4679.221298944382,4688.52392578125,59700
2021-06-25,4716.431701354062,4716.431701354062,4637.359375,4637.359375,44600
2021-06-28,4637.359606106424,4651.313546746664,4530.37939453125,4530.37939453125,86400
2021-06-29,4562.938320922852,4614.102766927083,4455.958115641276,4465.2607421875,78200
2021-06-30,4511.774832292774,4511.774832292774,4362.9327759697135,4376.88671875,111400
2021-07-01,4353.6298385191685,4395.491663889545,4283.86012956854,4307.11669921875,75100
2021-07-02,4348.977699439396,4474.563151722673,4330.37244724928,4446.6552734375,67800
2021-07-05,4423.398824100122,4465.2606426247285,4283.859429018099,4288.5107421875,90200
2021-07-06,4311.76751605535,4479.214798232257,4311.76751605535,4390.83984375,88200
2021-07-07,4353.629669058477,4474.563826532323,4335.0244140625,4335.0244140625,108500
2021-07-08,4353.6291309457965,4400.142262686671,4176.879230330475,4204.787109375,157300
2021-07-09,4139.668891486221,4162.925458292323,4009.4321173720473,4135.017578125,131000
2021-07-12,4158.27438286242,4376.886123348476,4139.669128352968,4367.58349609375,107000
2021-07-13,4376.886364733522,4567.590233972708,4376.886364733522,4516.42578125,158300
2021-07-14,4516.425554211612,4642.011022763325,4497.820299611358,4581.5439453125,118200
2021-07-15,4539.681710455038,4548.9843369108885,4274.5568564632995,4293.162109375,138600
2021-07-16,4265.254776084358,4316.4192281420765,4200.136382556353,4255.9521484375,70100
2021-07-19,4246.649094885335,4246.649094885335,4125.714947604921,4176.87939453125,60200
2021-07-20,4204.787387766554,4241.997895622896,4144.3203125,4144.3203125,54900
2021-07-21,4167.576552013423,4246.648874986892,4130.366047084732,4158.27392578125,49600
2021-07-26,4214.0896831742875,4269.905440567324,4148.971299549077,4158.27392578125,43900
2021-07-27,4158.274039231564,4186.181918689494,4060.5964611288086,4083.85302734375,62300
2021-07-28,4018.73488451087,4028.037511558349,3832.682343561292,3851.28759765625,160000
2021-07-29,3874.5442020024097,4004.78098190165,3865.2415748667495,3981.5244140625,90400
2021-07-30,3916.405815586076,3939.662382186944,3865.241369064168,3921.05712890625,69400
2021-08-02,3939.6624149919994,3986.175548581043,3841.984834455008,3860.590087890625,112800
2021-08-03,3851.2880327992743,3981.52482617896,3832.682776602177,3846.63671875,62700
2021-08-04,3841.9850665805066,3855.9390075002902,3674.537775543099,3753.610107421875,153800
2021-08-05,3753.610107421875,3869.8929484200744,3735.0048528621633,3753.610107421875,83900
2021-08-06,3748.958334973237,3823.3793441042194,3688.4912650543138,3693.142578125,74800
2021-08-10,3674.537857587065,3776.8667599502487,3618.722092661692,3739.65625,124500
2021-08-11,3739.656303377329,3804.77469671972,3618.722144312888,3744.3076171875,159300
2021-08-12,3776.866522791428,3795.4717765982823,3655.932373046875,3655.932373046875,96900
2021-08-13,3604.767851081185,3623.37310450612,3507.0902706002757,3586.16259765625,216700
2021-08-16,3567.5574412580986,3735.004726636575,3521.044306430744,3679.18896484375,296300
2021-08-17,3655.932567965599,3693.143077563214,3441.9721377793176,3460.577392578125,199200
2021-08-18,3455.9259130859377,3730.353408203125,3428.018032226563,3721.05078125,328900
2021-08-19,3702.445360429448,3879.195264570552,3702.445360429448,3790.8203125,183800
2021-08-20,3841.984994583771,3935.011265639068,3804.774486161652,3874.544189453125,184700
2021-08-23,3874.5439771698743,3930.35973674495,3767.5637713176448,3814.076904296875,91200
2021-08-24,3818.728271484375,3883.846658574242,3786.169077939441,3818.728271484375,61400
2021-08-25,3823.3795425468206,4028.037328279254,3818.72822923472,4004.78076171875,147300
2021-08-26,4028.037470703125,4186.18212890625,4028.037470703125,4186.18212890625,196200
2021-08-27,4283.859590371621,4372.234543918919,4172.2280701013515,4302.46484375,292800
2021-08-30,4423.399547469796,4446.656117120006,4176.879909177578,4307.11669921875,260600
2021-08-31,4353.62917101147,4511.773820385819,4279.208159541188,4460.609375,245400
2021-09-01,4418.747448896291,4469.911893041405,4255.951490252743,4451.306640625,214000
2021-09-02,4530.37963919022,4581.544090967523,4358.281028666567,4381.53759765625,165900
2021-09-03,4344.3268746252,4395.491323898088,4223.392721798375,4362.93212890625,166800
2021-09-06,4483.865972474564,4837.365779433139,4400.142333984375,4800.1552734375,345600
2021-09-07,4986.208174542683,5162.958091177592,4846.668766673019,4958.30029296875,668100
2021-09-08,4958.2999019899235,5181.5629369763365,4762.944746376812,5135.0498046875,403000
2021-09-09,5162.95852839251,5172.2611563715955,4744.3402693336575,4781.55078125,427800
2021-09-10,4818.760827659451,4995.5107421875,4818.760827659451,4995.5107421875,258500
2021-09-13,4995.510482583073,5014.115735777051,4790.852697449316,4846.66845703125,163400
2021-09-14,4828.063378714392,4837.36600564833,4679.221347771366,4735.037109375,152700
2021-09-15,4642.011049871575,4818.7609696061645,4623.405795162671,4753.642578125,121600
2021-09-16,4679.221383139726,4716.431891156741,4362.932064995091,4442.00439453125,264500
2021-09-17,4418.747817036549,4530.379340835368,4358.2807416455225,4525.72802734375,138800
2021-09-21,4339.6758967290425,4395.491663889545,4265.254873848373,4307.11669921875,150000
2021-09-22,4344.326447068599,4451.306648655941,4237.346245481257,4241.99755859375,129900
2021-09-24,4372.234370922495,4488.517199936391,4353.6291182802715,4455.9580078125,118200
2021-09-27,4442.003851996527,4511.773546006944,4344.326280381944,4395.49072265625,100400
2021-09-28,4404.793842543903,4418.74778291099,4265.25443887303,4353.62939453125,112200
2021-09-29,4269.9054356677525,4311.767253664495,4223.3923045602605,4283.859375,134100
2021-09-30,4283.860562711148,4283.860562711148,4065.24878589527,4130.3671875,144300
2021-10-01,4097.806908497731,4218.741051086767,4051.293776732716,4162.92529296875,126300
2021-10-04,4162.925394645455,4195.484587676201,3897.800537109375,3897.800537109375,223600
2021-10-05,3828.031166353757,3911.7548127624664,3735.0048925663023,3841.985107421875,215200
2021-10-06,3930.359941027559,4107.109855535307,3865.2415514720738,3958.267822265625,173100
2021-10-07,3995.4783843959967,4209.4388101028835,3995.4783843959967,4153.623046875,126000
2021-10-08,4218.741264712968,4269.90571224532,4158.274190356553,4223.392578125,77400
2021-10-11,4158.2737101281355,4265.25390625,4065.2474526308615,4265.25390625,88200
2021-10-12,4265.254127451238,4302.464632379929,4158.27392578125,4158.27392578125,67900
2021-10-13,4130.366136338976,4167.576642071759,4018.734619140625,4018.734619140625,63900
2021-10-14,4148.971878419037,4316.419173960612,4088.504799473468,4251.30078125,146500
2021-10-15,4265.254219890511,4460.609375,4251.300280239833,4460.609375,120900
2021-10-18,4493.168464983713,4511.77371742671,4260.6028094462545,4283.859375,113200
2021-10-19,4325.72140318465,4428.050296593319,4307.11614983762,4386.1884765625,79100
2021-10-20,4404.794059071643,4497.820332758477,4348.978294859541,4372.23486328125,66900
2021-10-21,4321.069938727184,4335.023878249447,4200.135796200912,4204.787109375,90700
2021-10-22,4195.484755859376,4269.905771484376,4172.2281884765625,4186.18212890625,55300
2021-10-25,4121.063587661761,4125.714900966119,4023.386008270229,4088.50439453125,60300
2021-10-26,4111.760686383929,4255.951389186985,4102.458060396635,4232.69482421875,69000
2021-10-27,4493.169105553406,4539.6822432920535,4372.23494743292,4507.123046875,215000
2021-10-28,4488.516981336806,4488.516981336806,4353.62890625,4395.49072265625,109500
2021-10-29,4358.28076171875,4423.399150901314,4246.649237405783,4358.28076171875,95600
2021-11-01,4423.399087006192,4511.774042477398,4293.162310522308,4437.35302734375,92400
2021-11-02,4418.747891749401,4474.563654592551,4297.813738922575,4362.93212890625,62900
2021-11-04,4409.44482421875,4418.747450430182,4362.93169316159,4409.44482421875,47900
2021-11-05,4372.2343178552765,4451.306640625,4372.2343178552765,4451.306640625,56200
2021-11-08,4432.701805764784,4432.701805764784,4148.9716796875,4148.9716796875,120800
2021-11-09,4148.972445101351,4246.650047508446,4093.156672297297,4130.3671875,72500
2021-11-10,4130.365991184139,4288.510634990738,4130.365991184139,4237.34619140625,78800
2021-11-11,4172.2278097283815,4204.787001108648,4121.06336613082,4195.484375,88500
2021-11-12,4130.366817559827,4567.59033203125,4130.366817559827,4567.59033203125,225500
2021-11-15,4511.7737109783175,4548.984215811129,4386.188257167581,4451.306640625,97700
2021-11-16,4437.352811472039,4474.563317228618,4367.5831131784535,4418.74755859375,61000
2021-11-17,4432.701681666437,4488.517442610821,4223.392578125,4223.392578125,101400
2021-11-18,4172.228088933771,4200.135969127308,4014.083434503728,4093.15576171875,99200
2021-11-19,4121.063620340466,4148.971500387918,3990.826846785688,4028.037353515625,87500
2021-11-22,4009.432415029436,4246.6494140625,3990.8271602033137,4246.6494140625,67200
2021-11-24,4181.5306054465045,4218.741111390412,4074.5504008577736,4083.85302734375,74900
2021-11-25,4148.9723388120765,4195.485481623871,4065.2486817508466,4121.064453125,47400
2021-11-26,4107.109265235733,4125.714516720379,3967.569879100883,4014.0830078125,68300
2021-11-29,3907.1032214796687,4055.9452489646087,3860.590087890625,3860.590087890625,74900
2021-11-30,3925.7085174827903,3976.8729649855286,3716.3994140625,3716.3994140625,116900
2021-12-01,3744.3072614998655,3804.774335288062,3567.5573535035983,3776.866455078125,110500
2021-12-02,3711.74814414978,3721.0507710774737,3572.208740234375,3572.208740234375,93700
2021-12-03,3581.5115827114428,3739.65625,3539.649759017413,3739.65625,103600
2021-12-06,3641.978569186464,3679.1890781947545,3562.9062375438457,3646.6298828125,79500
2021-12-07,3693.14293784911,3869.892851751208,3688.49162432537,3851.28759765625,90400
2021-12-08,3958.268043608248,3981.524612607122,3832.682571014332,3935.011474609375,65000
2021-12-09,4037.339948183305,4135.017527574837,4000.129441748436,4088.50439453125,91200
2021-12-10,4065.2478058390534,4195.484577650831,4000.1294199331646,4023.385986328125,104800
2021-12-13,4060.5967447156104,4107.10988039391,3902.4520834093896,3981.5244140625,51500
2021-12-14,3907.103801390568,3981.52482617896,3846.63671875,3846.63671875,63900
2021-12-15,3828.031071866699,4014.083614849285,3828.031071866699,3939.66259765625,63200
2021-12-16,4055.945376461989,4139.669019554093,3976.873046875,3976.873046875,59200
2021-12-17,3958.268043608248,4009.4324954057697,3893.149650411403,3935.011474609375,60800
2021-12-20,3935.010826559628,3981.523956897212,3795.471435546875,3795.471435546875,70800
2021-12-21,3837.33373408695,3925.708692811376,3795.4719115332737,3879.195556640625,58700
2021-12-22,3897.8005490525456,4102.458334444326,3897.8005490525456,4088.50439453125,82400
2021-12-23,4079.2019189453126,4186.18212890625,4060.596665039063,4186.18212890625,65800
2021-12-24,4153.622784213362,4214.0898572198275,4046.642578125,4046.642578125,48300
2021-12-27,4055.944768706496,4069.8987071309457,3995.477702200551,4009.431640625,37100
2021-12-28,4074.550298144876,4121.0634294022375,3930.359591247055,3948.96484375,77300
2021-12-29,3943.001193325506,4055.5244140625,3928.9357907333815,4055.5244140625,32900
2021-12-30,3989.886356185129,4018.017164806881,3919.5593346307496,3924.247802734375,41900
2022-01-04,4050.836044520547,4107.09765625,3994.574432791096,4107.09765625,61600
2022-01-05,4041.459308497891,4046.147776373178,3821.101318359375,3821.101318359375,82200
2022-01-06,3713.2665493797713,3788.2820352258273,3624.18565993758,3685.1357421875,97500
2022-01-07,3642.939585101542,3727.3320079224272,3502.2855470667337,3581.989501953125,121700
2022-01-11,3553.8585004369525,3577.300838830336,3450.7122115060647,3478.843017578125,65000
2022-01-12,3586.677635872718,3788.28173828125,3577.3007008769723,3788.28173828125,108700
2022-01-13,3694.5124150490274,3736.70862283512,3666.381609858299,3675.758544921875,58000
2022-01-14,3563.2356473359987,3633.5626666913145,3544.4817755079143,3591.366455078125,72600
2022-01-17,3572.6125401661056,3633.5626228723513,3535.104796962262,3567.924072265625,57600
2022-01-18,3539.7930404243116,3689.824003727064,3497.5968319954127,3577.30078125,60100
2022-01-19,3488.2198920815677,3521.0391652597546,3305.3696558030983,3319.43505859375,139400
2022-01-20,3272.5504954598646,3413.2045282160193,3253.796624425711,3380.38525390625,88400
2022-01-21,3281.927317818679,3338.1889289812852,3235.042641849841,3319.43505859375,77100
2022-01-24,3267.862144584396,3446.02392578125,3244.419804953231,3446.02392578125,89300
2022-01-25,3431.9581581609714,3464.777430165243,3239.7309935645235,3258.48486328125,74300
2022-01-26,3258.484908621652,3347.565791015625,3211.600233677455,3281.92724609375,51300
2022-01-27,3258.4850747930177,3295.992816661139,2958.4231398480492,2981.865478515625,155500
2022-01-28,3047.5039721292164,3070.946310376364,2874.0306691003225,2953.734619140625,106800
2022-01-31,2949.046190521148,3169.404172960725,2949.046190521148,3103.765625,86400
2022-02-01,3225.665771484375,3352.254399144372,3178.781094573265,3225.665771484375,84900
2022-02-02,3291.3044259207586,3427.2699933733256,3291.3044259207586,3413.20458984375,69300
2022-02-03,3291.30418108259,3342.8773235212057,3239.7310386439735,3281.92724609375,56800
2022-02-04,3277.239048400271,3328.8121950846817,3197.5350944334546,3295.992919921875,42600
2022-02-07,3389.7620908065583,3394.450558428697,3295.9927383637764,3328.81201171875,59300
2022-02-08,3305.369776305273,3408.5160671970684,3249.108163091566,3253.796630859375,62400
2022-02-09,3300.6813616071427,3436.6469290597097,3300.6813616071427,3413.20458984375,46000
2022-02-10,3516.3505859375,3600.743,3488.21978125,3516.3505859375,97700
2022-02-14,3492.9083266485304,3943.0012116931734,3488.2198590959824,3938.312744140625,273400
2022-02-15,3797.6588200625392,3853.920432211614,3671.070192727121,3736.708740234375,129800
2022-02-16,3788.282106029597,3830.478317606659,3638.251131533375,3722.6435546875,74400
2022-02-17,3708.5779658190495,3722.643368976391,3558.5469988074065,3624.185546875,113900
2022-02-18,3558.5469768782305,3760.1510875577615,3535.104638427122,3741.397216796875,95700
2022-02-21,3610.12019095661,3928.9360000281026,3581.989384273831,3910.18212890625,121900
2022-02-22,3821.100968813813,4182.112962186407,3797.6586315818263,4018.0166015625,246100
2022-02-24,3952.378100706799,3952.378100706799,3741.3970633025215,3788.28173828125,131600
2022-02-25,3957.066751309456,4139.9169921875,3938.31288045017,4139.9169921875,153400
2022-02-28,4139.916911738415,4205.555458470395,4036.7706240167336,4097.720703125,108700
2022-03-01,4163.359329191098,4444.667391974281,4125.851587486673,4397.78271484375,151200
2022-03-02,4275.882222877359,4500.928655660377,4243.062951429835,4472.7978515625,116800
2022-03-03,4439.978806482263,4496.240417546453,4275.8824408783785,4336.83251953125,110700
2022-03-04,4294.636007129344,4318.078343412802,4116.47425137507,4182.11279296875,103500
2022-03-07,4050.836305147059,4078.967112821691,3830.478311695773,3985.19775390625,133600
2022-03-08,3910.181751440603,4153.982052489657,3891.427882129137,3966.443359375,106500
2022-03-09,4097.72072440463,4102.409192052691,3905.4935508341614,3980.509033203125,78100
2022-03-10,4168.04779847643,4210.244007909824,4069.5899764651754,4139.9169921875,76500
2022-03-11,4097.7209790631905,4388.405991307947,4069.5901714266006,4247.751953125,168200
2022-03-14,4238.374557377612,4533.748005513442,4238.374557377612,4261.81689453125,147300
2022-03-15,4224.309476888709,4449.355930707419,4196.17867016137,4435.29052734375,127100
2022-03-16,4524.371343096182,4547.813681661447,4327.455699147954,4397.78271484375,104300
2022-03-17,4580.6331994939455,4876.006681139921,4561.879327643407,4791.6142578125,226000
2022-03-18,4866.62912694209,5016.660082685969,4829.1213880061205,4979.15234375,180800
2022-03-22,5072.9221041572655,5251.0838786101085,4997.906620177121,5194.822265625,193500
2022-03-23,5251.083733974358,5344.853086366758,5110.42970538576,5119.806640625,124100
2022-03-24,5063.545318448604,5551.145978743654,5026.037575348984,5541.76904296875,224300
2022-03-25,5541.769008150733,5588.653686730688,5391.7380366948755,5523.01513671875,118000
2022-03-28,5532.392181988536,5532.392181988536,5307.345720348325,5316.72265625,109000
2022-03-29,5504.2615355436465,5785.569620835486,5504.2615355436465,5673.04638671875,180800
2022-03-30,5673.046007708577,5991.86181640625,5673.046007708577,5991.86181640625,148800
2022-03-31,5898.092140480324,5963.730685763889,5794.945855034722,5823.07666015625,137800
2022-04-01,5710.553368270107,5851.207392119125,5447.999190418608,5785.56884765625,159900
2022-04-04,5813.700006745487,5973.10791015625,5598.030490366219,5973.10791015625,104300
2022-04-05,6001.239104595879,6066.877657302397,5869.961999182844,5916.8466796875,98900
2022-04-06,5823.076936768781,5869.961614198481,5663.669033507799,5710.5537109375,116400
2022-04-07,5504.260979937009,5560.522591316263,5307.34534010962,5372.98388671875,184300
2022-04-08,5410.492204395545,5523.015439149005,5344.85365078936,5419.869140625,101700
2022-04-11,5297.9682435380655,5410.491462869847,5222.952763983544,5288.59130859375,102000
2022-04-12,5326.099486682938,5569.899815298706,5232.330129523027,5523.01513671875,178700
2022-04-13,5513.637637147335,6019.992114028213,5447.999093847962,5982.484375,221100
2022-04-14,6057.500755948855,6151.270117496051,5851.208160545024,5935.6005859375,141900
2022-04-15,5813.700090339984,5860.584768487887,5701.176862785017,5757.4384765625,60200
2022-04-18,5766.81532385314,5785.5691948250205,5663.669033507799,5710.5537109375,52300
2022-04-19,5804.32292045809,5851.20759671381,5607.4072801840675,5635.5380859375,79600
2022-04-20,5729.307101267689,5738.684035966981,5438.622125589623,5466.7529296875,92800
2022-04-21,5326.099688361673,5372.98436871697,5044.791606229895,5101.05322265625,168900
2022-04-22,5016.661033125591,5054.168779167651,4913.514731509924,4960.3994140625,130600
2022-04-25,4894.7605298123835,5147.9377985957835,4894.7605298123835,5044.79150390625,127300
2022-04-26,5194.822352974061,5279.214773870752,5101.052996422182,5241.70703125,68700
2022-04-27,5063.545270647322,5269.837855747767,4979.152849469866,5251.083984375,93200
2022-04-28,5241.706978557779,5241.706978557779,5110.429880704812,5213.576171875,69100
2022-05-02,5119.806746773098,5185.44529480865,5054.168198737545,5176.068359375,56600
2022-05-06,5082.2988818807335,5157.31436353211,5054.168076261468,5110.4296875,68700
2022-05-09,4988.529607429358,5035.414284190912,4876.0063832016285,4894.76025390625,88800
2022-05-10,4763.482817936133,4857.252164745899,4510.305581549764,4716.59814453125,188200
2022-05-11,4641.582945225076,4697.84455668235,4538.436657553408,4608.763671875,97100
2022-05-12,4407.159809027778,4430.6021484375,4144.605607638889,4219.62109375,184700
2022-05-13,4876.00634765625,4876.00634765625,4791.6139301006615,4876.00634765625,60800
2022-05-16,5054.1681640625,5532.391867897728,4951.021875,5157.314453125,218300
2022-05-17,5072.922155520647,5288.591674147217,5007.283606373429,5222.953125,114400
2022-05-18,5251.0835193452385,5523.014630168474,5251.0835193452385,5513.6376953125,137500
2022-05-19,5326.099174967163,5513.637878311077,5297.968369465576,5354.22998046875,109000
2022-05-20,5476.130440848214,5513.63818359375,5213.576241629464,5251.083984375,82800
2022-05-23,5307.34590587154,5457.37688554282,5279.215097183175,5419.869140625,58400
2022-05-24,5326.0991391146745,5410.491555051351,5269.837528490224,5335.47607421875,65200
2022-05-25,5391.737947532599,5457.376496459083,5185.445365192221,5213.576171875,72500
2022-05-26,5213.575438104282,5391.737188686981,5091.67529296875,5091.67529296875,68500
2022-05-27,5279.214446626617,5297.9683167744915,5044.791069778189,5072.921875,70900
2022-05-30,5222.952974955241,5410.491681416829,5147.9374923706055,5401.11474609375,132000
2022-05-31,5344.853376612545,5391.73805535476,5251.084019128114,5269.837890625,68700
2022-06-01,5222.953018659256,5297.968501871597,5138.560600045372,5166.69140625,48800
2022-06-02,5091.675579329182,5091.675579329182,4932.267688263628,4988.529296875,78300
2022-06-03,5157.314511954066,5485.50725362387,5157.314511954066,5447.99951171875,170300
2022-06-06,5419.86872758709,5719.9306640625,5372.9840500128075,5719.9306640625,122800
2022-06-07,5757.438637408089,5766.815573299633,5532.39217601103,5579.27685546875,66200
2022-06-08,5663.668819357203,5682.422689619975,5541.768662649183,5598.0302734375,63600
2022-06-09,5626.161078831658,5644.91494909443,5447.999311335322,5598.0302734375,59200
2022-06-10,5466.753624770221,5663.669278492647,5419.8689453125,5579.27685546875,87900
2022-06-13,5419.868397814163,5476.130007480053,5279.2143736494345,5288.59130859375,92400
2022-06-14,5194.822572934878,5391.738230031688,5185.445636882649,5363.607421875,88100
2022-06-15,5410.491980088495,5410.491980088495,5269.837942477876,5297.96875,51000
2022-06-16,5410.492105961772,5447.999850197209,4791.614326077063,4829.1220703125,229200
2022-06-17,4707.221947293584,4763.483564193507,4547.8140327438,4585.32177734375,169600
2022-06-20,4716.598741432237,4735.352613167554,4449.356069203969,4510.30615234375,63200
2022-06-21,4491.5521269531255,4716.598580078125,4486.863659179688,4688.4677734375,80800
2022-06-22,4669.713925966869,4679.09086156118,4435.290536109094,4439.97900390625,77300
2022-06-23,4468.110158350135,4524.371776293683,4360.275390625,4360.275390625,54000
2022-06-24,4547.8137402343755,4735.352451171875,4538.436804687501,4688.4677734375,85900
2022-06-27,4735.353043748456,4819.745474231102,4688.468360146986,4744.72998046875,63300
2022-06-28,4650.9596918061025,4763.48291015625,4599.386550062284,4763.48291015625,74400
2022-06-29,4669.71370253452,4866.629340593205,4646.271364670391,4838.49853515625,82100
2022-06-30,4876.006878482776,4885.38381478755,4594.698789339539,4627.51806640625,86300
2022-07-01,4585.321717502897,4632.206397640963,4477.486953185344,4552.50244140625,68600
2022-07-04,4561.879074588898,4669.713831747732,4477.486655942856,4650.9599609375,57800
2022-07-05,4585.321130154401,4754.10595703125,4585.321130154401,4754.10595703125,57900
2022-07-06,4810.367589077103,5091.675635221963,4800.990654205608,5016.66015625,117600
2022-07-07,5035.41455078125,5129.183909268796,4951.022128142457,5035.41455078125,53500
2022-07-08,5082.2992820457175,5147.937833658854,5026.037666377315,5063.54541015625,63500
2022-07-11,5072.921838763915,5176.068123840446,5026.037163729128,5054.16796875,45300
2022-07-12,5026.03759765625,5044.7914692892955,4904.1374320414525,5026.03759765625,43200
2022-07-13,5026.0372882326,5138.560511103479,4960.398741557921,5119.806640625,39800
2022-07-14,5101.052787934186,5166.691334837751,5044.7911763025595,5129.18359375,33200
2022-07-15,5138.56089771412,5166.691705548322,5016.660730432581,5063.54541015625,34200
2022-07-19,5110.429897890485,5222.953125,5035.414413150808,5222.953125,42600
2022-07-20,5363.607004801433,5438.622487386067,5288.591522216797,5401.11474609375,63500
2022-07-21,5447.999311335322,5607.407208568886,5419.868505941165,5598.0302734375,63900
2022-07-22,5598.030015477594,5598.030015477594,5401.114386792453,5466.7529296875,58000
2022-07-25,5382.360731527839,5410.491536744883,5297.968315876706,5326.09912109375,59800
2022-07-26,5316.722045690481,5513.637677012351,5279.214306391077,5504.2607421875,51700
2022-07-27,5476.130388621795,5532.392002203525,5438.622646233975,5485.50732421875,37500
2022-07-28,5532.391785626636,5532.391785626636,5316.722275339496,5372.98388671875,166100
2022-07-29,5401.11504005059,5579.276820885592,5401.11504005059,5560.52294921875,60700
2022-08-01,5560.5230008323715,5626.161552275587,5494.8844493891565,5588.65380859375,37900
2022-08-02,5588.653174160289,5607.4070438722365,5485.506890744579,5513.6376953125,40800
2022-08-03,5569.899936752831,5607.407680434669,5513.638321230075,5588.65380859375,47500
2022-08-04,5654.292337041032,5851.207990569824,5635.538465276384,5841.8310546875,81100
2022-08-05,5776.19225933908,5813.70000128284,5663.669033507799,5710.5537109375,52400
2022-08-08,5757.438042886446,5823.076587349321,5644.914823807232,5785.56884765625,73000
2022-08-09,5532.391673900463,5907.469075520833,5429.245388454861,5823.07666015625,166300
2022-08-10,5785.56893963881,5785.56893963881,5251.083640514965,5326.09912109375,248800
2022-08-12,5438.622663582551,5513.6381485974825,5372.984114194485,5494.88427734375,85000
2022-08-15,5560.522554147055,5560.522554147055,5354.22998046875,5354.22998046875,53400
2022-08-16,5363.60666604238,5541.768425928403,5326.0989271190065,5476.1298828125,73100
2022-08-17,5485.506872537798,5541.7684814869035,5438.622198413544,5504.2607421875,46800
2022-08-18,5457.376514811491,5466.7534504039495,5157.314575852783,5222.953125,116800
2022-08-19,5269.837928885844,5297.968736335412,4941.645175307544,5026.03759765625,210700
2022-08-22,4932.267959359976,4932.267959359976,4819.744735952524,4876.00634765625,133800
2022-08-23,4829.121793280065,4960.398890573115,4819.744857759132,4941.64501953125,68800
2022-08-24,4922.890951467115,4988.5294974866765,4838.49853515625,4838.49853515625,55500
2022-08-25,4913.514177827381,4951.021919642857,4866.629500558036,4922.89111328125,46300
2022-08-26,4969.775754735301,5044.791237825645,4904.13720703125,4904.13720703125,49400
2022-08-29,4754.106565007904,4838.498989238813,4716.5988209052775,4819.7451171875,81900
2022-08-30,4847.8759252644695,4885.383669367096,4800.991245136187,4819.7451171875,36500
2022-08-31,4800.991193737769,4838.498937438845,4725.975706335616,4791.6142578125,63200
2022-09-01,4735.3524244608825,4744.729359954865,4665.025408256018,4674.40234375,53200
2022-09-02,4632.20630086263,4655.648640441895,4482.175327555338,4500.92919921875,115100
2022-09-05,4486.863947768884,4622.829521943699,4458.733139318922,4585.32177734375,78400
2022-09-06,4632.20644951062,4679.091130173682,4529.060152051881,4580.63330078125,63900
2022-09-07,4514.994789511998,4618.141087922448,4510.306321402431,4604.07568359375,106600
2022-09-08,4665.025191900051,4674.402126959147,4538.436568602261,4561.87890625,59600
2022-09-09,4599.387233272852,4885.3837890625,4575.944892634357,4885.3837890625,113500
2022-09-12,4913.514731509924,4960.3994140625,4838.499239425803,4960.3994140625,100500
2022-09-13,4969.776093598006,4997.906901674975,4800.991245136187,4819.7451171875,71900
2022-09-14,4632.20622907366,4754.106392996651,4604.075422014509,4725.9755859375,55800
2022-09-15,4763.483853909338,4791.61466407022,4697.84529686728,4744.72998046875,30600
2022-09-16,4669.713677884615,4735.352223557693,4566.567391826923,4571.255859375,61900
2022-09-20,4590.009619596963,4622.8288916471965,4463.420998831776,4514.994140625,50300
2022-09-21,4449.355832741478,4449.355832741478,4266.505593039773,4383.71728515625,80600
2022-09-22,4318.07872004371,4402.47113802502,4280.570978718682,4374.34033203125,51200
2022-09-26,4210.244243646978,4299.325135216346,4168.048031850962,4266.505859375,67700
2022-09-27,4318.079460354799,4350.898739640884,4214.933154027106,4243.06396484375,45200
2022-09-28,4261.817269461495,4289.948076520647,4125.851702008928,4200.8671875,63800
2022-09-29,4327.455512093614,4393.094057239129,4280.570836989674,4299.32470703125,43700
2022-09-30,4219.620952347285,4238.374823246607,4111.786194676188,4144.60546875,60700
2022-10-03,4088.3438647598873,4196.178622660664,4022.705316472458,4149.2939453125,48700
2022-10-04,4200.866862691466,4299.324679785797,4186.801460249419,4285.25927734375,41300
2022-10-05,4350.897931290497,4379.028736880738,4247.751644126282,4341.52099609375,57600
2022-10-06,4318.078658101883,4369.651801683991,4299.3247877083895,4341.52099609375,33800
2022-10-07,4285.25927734375,4341.520887111939,4228.997667575561,4285.25927734375,46100
2022-10-11,4261.816848619849,4285.259185520948,4191.489837916552,4238.37451171875,43400
2022-10-12,4219.621014835859,4243.063353807169,4121.163191156355,4177.4248046875,42500
2022-10-13,4177.42509022221,4200.867430795848,4055.524919239295,4064.90185546875,39800
2022-10-14,4130.540370244565,4313.390625,4130.540370244565,4313.390625,75400
2022-10-17,4247.751767743644,4257.128703213277,4088.3438647598873,4149.2939453125,63400
2022-10-18,4238.3748211195425,4402.47119140625,4238.3748211195425,4402.47119140625,56100
2022-10-19,4407.159551560814,4421.224954384945,4346.20947265625,4346.20947265625,36000
2022-10-20,4350.897840474891,4350.897840474891,4266.50542546568,4294.63623046875,34400
2022-10-21,4271.194292822158,4327.455908095337,4243.063485185568,4247.751953125,34500
2022-10-24,4266.505443431713,4332.143988715277,4252.440040870949,4304.01318359375,31100
2022-10-25,4327.455943080357,4355.586750944369,4238.37505151099,4266.505859375,45900
2022-10-26,4397.782670359392,4463.421217678188,4374.34033203125,4374.34033203125,65800
2022-10-27,4374.340140894839,4393.094010737904,4266.505389297217,4275.88232421875,48100
2022-10-28,4214.932736984872,4304.013629090225,4182.113460946057,4280.5712890625,65000
2022-10-31,4336.83251953125,4341.520987119932,4228.997764991554,4336.83251953125,32000
2022-11-01,4332.143924516328,4346.209326868654,4266.505380205475,4271.19384765625,23100
2022-11-02,4261.817216028792,4261.817216028792,4149.29398920295,4172.736328125,43200
2022-11-04,4069.5900368679777,4177.42479590941,4064.901569083568,4172.736328125,46400
2022-11-07,4144.605581974638,4228.998003327062,4144.605581974638,4205.5556640625,28200
2022-11-08,4271.193829392705,4360.274710576527,4238.374557377612,4261.81689453125,50800
2022-11-09,4271.194214003275,4299.32502112075,4186.80179265085,4205.5556640625,40700
2022-11-10,4168.04779847643,4182.113201620895,4130.540056757857,4139.9169921875,43400
2022-11-11,4294.636433789271,4402.47119140625,4280.571030621839,4402.47119140625,65400
2022-11-14,4500.9286649214655,4510.305599640053,4379.028513579843,4477.486328125,95800
2022-11-15,4214.9324120647825,4294.63636201484,4041.4591092323058,4107.09765625,289200
2022-11-16,4153.981989428601,4186.801260225441,4078.9665133215385,4182.11279296875,84900
2022-11-17,4149.294349888392,4214.932904575893,4088.344263392857,4102.40966796875,65300
2022-11-18,4093.032080704857,4093.032080704857,4003.951199223308,4018.0166015625,76100
2022-11-21,4018.016646878625,4055.524386872825,3994.5743093822502,4041.458984375,29500
2022-11-22,4055.5244422214064,4055.5244422214064,3943.001220703125,3943.001220703125,52900
2022-11-24,4003.951433698708,4046.147643187336,3952.3782887681623,4013.328369140625,78000
2022-11-25,4060.2128537846183,4078.966723779005,3900.804958832335,3914.870361328125,81700
2022-11-28,3961.7548920471336,4046.147303948729,3928.9356207520686,3966.443359375,72500
2022-11-29,3900.805272239264,3924.2476116157018,3802.347446858225,3821.101318359375,117700
2022-11-30,3760.15110534668,3764.839573059082,3703.889492797852,3750.774169921875,160400
2022-12-01,3863.297564197954,3961.75539046999,3839.855224609375,3839.855224609375,113800
2022-12-02,3811.724268126072,3839.855074532906,3741.3972521089854,3760.151123046875,67400
2022-12-05,3746.085789508584,3816.4128068335262,3647.627965253665,3797.658935546875,137000
2022-12-06,3736.708632003881,3741.3970995471736,3666.3816188544984,3680.447021484375,74900
2022-12-07,3614.8086202458817,3642.9394266291183,3553.8585397488696,3628.8740234375,67200
2022-12-08,3638.2510012691414,3647.6279368394225,3516.350838855484,3521.039306640625,111400
2022-12-09,3544.481560874512,3624.185511317458,3539.793093201398,3605.431640625,70000
2022-12-12,3586.677608539022,3675.75849031973,3586.677608539022,3647.627685546875,54000
2022-12-13,3741.3972433140216,3783.593452825082,3675.758695185705,3755.462646484375,55100
2022-12-14,3802.347141361808,3919.5588288267218,3802.347141361808,3914.870361328125,75400
2022-12-15,3849.231991882324,3849.231991882324,3741.3972344970703,3750.774169921875,74500
2022-12-16,3657.005118491255,3703.889799497553,3642.9397141893655,3652.316650390625,56800
2022-12-19,3614.8084492012663,3675.7585268142584,3591.3661116578087,3666.381591796875,42500
2022-12-20,3642.939441701308,3642.939441701308,3460.0891994537515,3506.973876953125,99900
2022-12-21,3478.8430441222736,3549.170059839031,3422.5814315488674,3492.908447265625,74700
2022-12-22,3544.481601091237,3567.9239397227925,3483.5315206491914,3497.596923828125,30000
2022-12-23,3431.958332015435,3483.5314763490005,3408.5159936819964,3474.154541015625,42800
2022-12-26,3436.6469626978824,3563.235595703125,3413.204623252467,3563.235595703125,46900
2022-12-27,3577.300834586313,3633.5624466636864,3577.300834586313,3605.431640625,38800
2022-12-28,3544.4813027114574,3600.742910691004,3511.662031390055,3596.054443359375,49700
2022-12-29,3528.85010548127,3718.3185675205327,3528.85010548127,3694.635009765625,42700
2022-12-30,3742.002234939816,3959.8909726704887,3727.792099870424,3898.313720703125,106900
2023-01-04,3822.52633125737,3869.893448125491,3742.002232581565,3765.685791015625,60900
2023-01-05,3770.422537841797,3831.999790344238,3732.528843994141,3789.369384765625,46000
2023-01-06,3789.369350062344,3817.789620187811,3737.265521498987,3798.8427734375,25800
2023-01-10,3831.999586497901,3917.260393119609,3827.262875018917,3912.523681640625,38200
2023-01-11,3869.8933819882673,3926.7339212585966,3869.8933819882673,3917.260498046875,26800
2023-01-12,3921.9972779376544,3936.207413002646,3817.789620794384,3831.999755859375,56200
2023-01-13,3760.9490078871418,3784.6325658713176,3652.004641159932,3718.318603515625,53400
2023-01-16,3737.265448641348,3765.685718212765,3666.2147747128056,3685.16162109375,39400
2023-01-17,3685.1617606026784,3775.159284319197,3670.9516252790177,3746.739013671875,33100
2023-01-18,3770.422538438652,3860.420061341082,3742.002268048411,3855.683349609375,44000
2023-01-19,3808.3161630124846,3850.9465678223255,3770.422469848181,3841.47314453125,20000
2023-01-20,3831.999791246384,3898.313755495394,3798.842809121879,3888.84033203125,29600
2023-01-23,3945.680839924078,4035.6783620832102,3921.997281461148,4030.941650390625,37300
2023-01-24,4092.518829890012,4106.728964716019,3983.574462890625,3983.574462890625,26500
2023-01-25,3988.3113486419825,4035.678466796875,3945.680942302579,4035.678466796875,22300
2023-01-26,3983.574531720632,3983.574531720632,3921.997279743976,3931.470703125,39900
2023-01-27,3931.470703125,3978.83782003012,3888.840297910392,3931.470703125,26100
2023-01-30,3936.2074846540177,4135.149379185268,3936.2074846540177,4111.4658203125,72200
2023-01-31,4073.5720561990097,4106.7290380517925,4011.9948041866983,4064.0986328125,37500
2023-02-01,4101.992255459612,4130.412525127924,4021.468158066064,4049.888427734375,24200
2023-02-02,4078.3089074028862,4125.676025955765,4073.5721955475983,4092.51904296875,26300
2023-02-03,4111.4658203125,4154.096226283482,4087.782261439732,4111.4658203125,29800
2023-02-06,4111.465785793187,4173.0430383453895,4097.255650588832,4154.09619140625,36000
2023-02-07,4154.095949475042,4196.726352605345,4135.149103639353,4187.2529296875,32700
2023-02-08,4191.989505237528,4225.146484375,4173.042660016115,4225.146484375,47100
2023-02-09,4177.780060428901,4239.357317555404,4139.886363735668,4234.62060546875,42000
2023-02-10,4182.516914040456,4248.830885497496,4168.306777299661,4196.72705078125,35700
2023-02-13,4139.886196193542,4182.516603248166,4064.0988058742087,4116.20263671875,74400
2023-02-14,4229.883791839981,4357.7750151095,4106.729280543409,4163.56982421875,111700
2023-02-15,4154.096084346904,4187.253065635876,4026.204870803727,4083.04541015625,63900
2023-02-16,4130.41223448621,4139.885657042371,3988.3108961437943,3993.047607421875,40600
2023-02-17,3926.733953219741,3959.890934730644,3808.316162109375,3808.316162109375,54800
2023-02-20,3789.369138162043,3789.369138162043,3718.318466821504,3756.212158203125,34800
2023-02-21,3760.949148995536,3817.7896902901784,3680.425048828125,3680.425048828125,33400
2023-02-22,3604.637729734416,3652.004848390584,3571.4807466750976,3628.3212890625,52000
2023-02-24,3694.6353936838095,3699.372105726994,3633.058137122413,3689.898681640625,32400
2023-02-27,3642.531354631697,3689.898472377232,3628.321219308036,3647.26806640625,29000
2023-02-28,3680.424981832799,3846.2098909243664,3670.9515584561377,3831.999755859375,59800
2023-03-01,3831.999790950841,3860.420061341082,3789.369385365479,3855.683349609375,32200
2023-03-02,3860.419992013199,3874.630126953125,3831.9997221333474,3874.630126953125,20400
2023-03-03,3884.10392148392,4073.572405458746,3884.10392148392,4068.835693359375,73800
2023-03-06,4101.992466679326,4215.673551206235,4073.5721955475983,4092.51904296875,58000
2023-03-07,4073.5721613207897,4073.5721613207897,4011.9949077194287,4035.678466796875,31500
2023-03-08,3974.100969337336,4016.731373060859,3940.943988663485,3969.3642578125,39600
2023-03-09,3988.3113141741073,3988.3113141741073,3912.52392578125,3945.680908203125,44000
2023-03-10,3879.366943359375,3879.366943359375,3798.842843191964,3813.052978515625,54700
2023-03-13,3723.05548864294,3836.736572265625,3723.05548864294,3836.736572265625,61300
2023-03-14,3770.4226777047825,3798.842949144768,3732.528982451468,3751.475830078125,52200
2023-03-15,3817.789618302857,3817.789618302857,3694.635114486636,3699.371826171875,40100
2023-03-16,3633.0578970484457,3742.002266842597,3618.847761857904,3723.055419921875,37000
2023-03-17,3723.055288050296,3912.5237505464943,3704.1084418006767,3893.576904296875,47700
2023-03-20,3884.1035484200097,3921.997241575327,3803.57945046496,3808.316162109375,31600
2023-03-22,3817.7896551513672,3836.7365020751954,3775.1592495727537,3789.369384765625,41300
2023-03-23,3746.7389098278704,3798.8427379038585,3723.055351611512,3775.1591796875,22000
2023-03-24,3789.3693535248817,4040.415073195905,3775.1592184491633,3997.78466796875,102700
2023-03-27,3978.8379942696047,4021.468401351065,3931.4708752902047,4016.731689453125,47500
2023-03-28,3950.4176895652663,3959.89111328125,3907.7872828433383,3959.89111328125,31200
2023-03-29,3964.627548019138,4021.468086341993,3959.8908364922336,4002.521240234375,30300
2023-03-30,4026.20493632765,4026.20493632765,3884.103585633733,3898.313720703125,28500
2023-03-31,3907.787320182773,3978.8379987315498,3817.7897940209873,3850.94677734375,33200
2023-04-03,3907.78711112094,3974.10107421875,3850.946571322818,3974.10107421875,44400
2023-04-04,3969.364328064618,4002.521309325301,3945.680770021273,3983.574462890625,35400
2023-04-05,3959.891078613869,3993.0480613295354,3912.523960448631,3936.20751953125,26400
2023-04-06,3907.787105699106,3907.787105699106,3775.1591796875,3775.1591796875,41300
2023-04-07,3822.526296120217,3841.473142693303,3756.2123331144135,3775.1591796875,29000
2023-04-10,3827.262870901324,3865.156562692426,3789.3691791102215,3846.209716796875,25900
2023-04-11,3827.2631486304017,3907.7872495298034,3817.7897249951775,3836.736572265625,20600
2023-04-12,3836.736607926615,3836.736607926615,3765.685930002048,3794.106201171875,35900
2023-04-13,3760.94921875,3789.3694899244338,3746.739083162784,3760.94921875,30900
2023-04-14,3827.263043562968,3860.420025376013,3779.895926687189,3798.8427734375,42800
2023-04-17,3779.896066199622,3789.3694899244338,3713.5821001259446,3760.94921875,36800
2023-04-18,3784.632742271894,3850.946707718461,3742.002335913387,3836.736572265625,53500
2023-04-19,3808.3160515904738,3808.3160515904738,3704.1083984375,3704.1083984375,53300
2023-04-20,3685.1617606026784,3723.0554547991073,3656.741489955358,3680.425048828125,52200
2023-04-21,3647.267889492754,3647.267889492754,3580.953927865613,3595.1640625,62200
2023-04-24,3595.1640608767243,3614.110907047353,3552.533656992811,3562.007080078125,45700
2023-04-25,3571.4807125698094,3623.5845425940374,3571.4807125698094,3604.6376953125,26200
2023-04-26,3580.953995811748,3599.9008423504342,3509.903321291674,3543.060302734375,40100
2023-04-27,3514.6399268897803,3552.533618823902,3490.9563694309545,3505.16650390625,36100
2023-04-28,3519.376544420225,3633.0576171875,3509.9031216896187,3633.0576171875,32800
2023-05-01,3689.898437810611,3732.528843382236,3656.741455699347,3723.055419921875,50000
2023-05-02,3723.055385834316,3779.895926076061,3713.581962460691,3765.685791015625,43800
2023-05-08,3765.685963085217,3879.367048763261,3742.0024035689576,3850.94677734375,63800
2023-05-09,3850.9466727120534,4049.888567243303,3846.2099609375,4011.994873046875,106300
2023-05-10,4011.994730164091,4011.994730164091,3912.523786441014,3917.260498046875,44600
2023-05-11,3917.260637555803,3964.627755301339,3888.8403669084823,3945.680908203125,47200
2023-05-12,3746.738689954775,3846.209628626141,3633.0576171875,3633.0576171875,152600
2023-05-15,3585.69070744642,3637.794535427807,3519.376744561017,3543.060302734375,105100
2023-05-16,3505.1667131696427,3524.1135602678573,3472.0097307477677,3514.64013671875,73400
2023-05-17,3490.9564381475034,3505.166572902514,3443.5893222974696,3486.2197265625,86100
2023-05-18,3495.693113564467,3533.5868058524284,3457.7994212765047,3462.5361328125,52000
2023-05-19,3500.42986131751,3519.376707657524,3448.326033882473,3486.2197265625,52700
2023-05-22,3486.2200770547943,3490.95678911601,3429.3795323202053,3457.7998046875,54500
2023-05-23,3453.062776669881,3476.746334808906,3372.538678997195,3377.275390625,92600
2023-05-24,3367.8020026331824,3410.432407729805,3306.2247508269497,3400.958984375,55800
2023-05-25,3400.959090006044,3400.959090006044,3306.224853515625,3306.224853515625,56800
2023-05-26,3306.2246724263327,3306.2246724263327,3154.64990234375,3154.64990234375,100800
2023-05-29,3211.4904061505895,3239.910675231568,3140.4397334481428,3164.123291015625,52400
2023-05-30,3135.703089326484,3145.176512557078,3064.6524150970317,3112.01953125,69400
2023-05-31,3074.1259761903343,3140.4399417784157,3003.075298774533,3107.282958984375,104200
2023-06-01,3078.862511326901,3083.599222882788,2979.3915686532623,3022.02197265625,127000
2023-06-02,3017.285234097235,3183.0701370696106,2993.6016765297527,3164.123291015625,103900
2023-06-05,3230.437430245536,3239.9108537946427,3173.5968889508927,3183.0703125,68000
2023-06-06,3154.6501106770834,3206.7539413339123,3130.966551287616,3197.280517578125,49200
2023-06-07,3225.700577303701,3239.910712005479,3164.1233269293275,3187.806884765625,58800
2023-06-08,3140.4399065290177,3145.1766183035716,3036.232247488839,3050.4423828125,82700
2023-06-09,3116.75634765625,3116.75634765625,3007.8119768415177,3017.285400390625,68000
2023-06-12,3036.231940302958,3116.756032323473,3036.231940302958,3102.5458984375,53900
2023-06-13,3154.6498338386195,3197.2802369986007,3130.966276527519,3173.5966796875,51400
2023-06-14,3239.9107482370023,3239.9107482370023,3178.3334971740182,3211.490478515625,52700
2023-06-15,3216.2272597859096,3230.4373949543306,3187.806989449068,3192.543701171875,31600
2023-06-16,3249.3840796100208,3438.8525390625,3249.3840796100208,3438.8525390625,139500
2023-06-19,3438.852712612394,3438.852712612394,3344.1184781051657,3358.32861328125,65700
2023-06-20,3296.7512919396245,3344.118408203125,3258.857598928824,3344.118408203125,48500
2023-06-21,3353.591652147032,3358.3283635201215,3282.540981550697,3292.014404296875,43600
2023-06-22,3325.171737536657,3325.171737536657,3225.7007881231675,3230.4375,38500
2023-06-23,3235.174142020089,3235.174142020089,3097.809500558036,3116.75634765625,95000
2023-06-26,3064.652482822281,3093.0727531421167,3003.0752304626367,3026.7587890625,70400
2023-06-27,2974.655064396965,2984.12848816893,2894.1309623352636,2965.181640625,126200
2023-06-28,3017.2852268218994,3031.495361328125,2979.391534805298,3031.495361328125,61000
2023-06-29,3069.3890186915887,3088.3358644859813,3007.811769859813,3040.96875,50400
2023-06-30,3017.285577558064,3017.285577558064,2941.4981847151616,2969.91845703125,59200
2023-07-03,2993.6018415178573,3017.285400390625,2969.918282645089,2984.12841796875,28500
2023-07-04,2955.7081117021276,2960.4448234195993,2894.130859375,2894.130859375,72400
2023-07-05,2898.867466060451,2927.2877353355534,2860.9737736936477,2889.39404296875,55200
2023-07-06,2865.710378247638,2879.9205123546512,2833.5007409384084,2851.500244140625,76000
2023-07-07,2823.080322265625,2856.2373059163956,2797.5020777350305,2823.080322265625,59800
2023-07-10,2822.132633652798,2856.2369555096293,2810.7645263671875,2851.500244140625,38500
2023-07-11,2898.867606026786,2950.971435546875,2889.3941824776784,2950.971435546875,53700
2023-07-12,2965.18178284284,2979.391919182342,2927.2880859375,2927.2880859375,50800
2023-07-13,2927.287945537141,2965.181640625,2889.394250449281,2965.181640625,65600
2023-07-14,2965.1816422206903,2974.655065997754,2875.1841163385925,2898.86767578125,46800
2023-07-18,2898.867535581683,2898.867535581683,2851.500418987211,2870.447265625,51200
2023-07-19,2884.657610441509,2884.657610441509,2851.500626413446,2879.9208984375,33600
2023-07-20,2865.710483633266,2889.3940413492433,2851.5003490036797,2856.237060546875,31900
2023-07-21,2846.763637460484,2875.183906719657,2796.554495102612,2856.237060546875,71000
2023-07-24,2856.237242343279,2879.920801566689,2823.0802594305046,2826.86962890625,54300
2023-07-25,2835.3958166660937,2835.3958166660937,2782.3446420141386,2798.449462890625,44300
2023-07-26,2795.607275489201,2821.18551894505,2752.976869729454,2815.50146484375,46300
2023-07-27,2792.765228621113,2894.130859375,2789.92320159063,2894.130859375,52400
2023-07-28,2870.447089616642,2870.447089616642,2807.922499545785,2851.500244140625,58800
2023-07-31,2884.657610441509,2889.394322445518,2842.0272024054275,2879.9208984375,42200
2023-08-01,2879.9208984375,2913.077882465563,2865.7107624254727,2879.9208984375,33500
2023-08-02,2870.447089616642,2884.6572237236555,2851.500244140625,2851.500244140625,33000
2023-08-03,2818.343484524262,2826.8695656539153,2754.871547225732,2764.344970703125,80100
2023-08-04,2747.292836159264,2788.028557523005,2723.6092772268566,2770.029052734375,59100
2023-08-07,2737.8193583702737,2824.974853515625,2732.135304339055,2824.974853515625,46300
2023-08-08,2818.343505859375,2818.343505859375,2752.029541015625,2752.029541015625,37800
2023-08-09,2747.2926384033863,2846.763578759371,2747.2926384033863,2811.7119140625,59700
2023-08-10,2534.1407862086753,2695.188985706049,2529.404074458753,2682.87353515625,179600
2023-08-14,2680.978660597076,2680.978660597076,2565.402902083704,2661.08447265625,104400
2023-08-15,2671.505496810544,2702.767795177476,2649.7166221911675,2663.9267578125,59200
2023-08-16,2650.663944461774,2651.6112868293444,2600.4547989805465,2609.92822265625,47500
2023-08-17,2586.2447056642773,2595.7181294945494,2494.352494510638,2585.29736328125,84900
2023-08-18,2523.719834186622,2575.823659592126,2464.9846128204167,2561.613525390625,193700
2023-08-21,2562.5610700334823,2818.343505859375,2562.5610700334823,2818.343505859375,190500
2023-08-22,2837.2903873751543,2884.657505695274,2808.870116383083,2875.18408203125,118200
2023-08-23,2846.7636390560965,2908.3408891521517,2822.1327390176743,2889.39404296875,95000
2023-08-24,2879.9205773758563,2889.3940003277503,2726.4511255551693,2766.239501953125,186300
2023-08-25,2728.3460966309085,2884.657591750388,2721.714699868264,2825.92236328125,102800
2023-08-28,2823.0803543893912,2884.657610441509,2804.133506373355,2879.9208984375,51000
2023-08-29,2879.920554045894,2979.391494234979,2875.183842608318,2941.497802734375,106100
2023-08-30,2979.3917762829474,2979.3917762829474,2922.5512336511583,2965.181640625,44300
2023-08-31,2969.9184232754724,2988.86527127085,2913.077879289339,2946.23486328125,227900
2023-09-01,2950.971435546875,2965.181570870536,2908.3410295758927,2950.971435546875,53100
2023-09-04,2936.7612648322424,2960.4448234195993,2884.6574359400574,2894.130859375,49100
2023-09-05,2865.7104531628634,2941.497837048162,2860.9737416700323,2932.0244140625,34700
2023-09-06,2889.3941138482865,2960.444788778982,2889.3941138482865,2936.76123046875,38400
2023-09-07,2908.3410995583126,2917.8145233353757,2856.237268784467,2898.86767578125,59400
2023-09-08,2860.973840661951,2908.3409572292016,2797.501904461835,2804.13330078125,92800
2023-09-11,2789.9232279170647,2789.9232279170647,2664.8740373958244,2667.716064453125,92300
2023-09-12,2689.50495244624,2747.292836243077,2689.50495244624,2736.8720703125,62200
2023-09-13,2713.1884361645302,2791.8178496427618,2708.4517245092147,2770.976318359375,60100
2023-09-14,2770.976225623134,2789.9230716103,2716.977714559708,2735.924560546875,30800
2023-09-15,2735.924671967327,2738.7666989811437,2698.030978449774,2725.50390625,52800
2023-09-19,2690.452245358966,2694.241614718627,2614.664858165756,2644.032470703125,59000
2023-09-20,2625.0856297293785,2630.769683781481,2562.56103515625,2562.56103515625,63300
2023-09-21,2557.8244079520828,2557.8244079520828,2505.7205774197255,2513.29931640625,61100
2023-09-22,2469.7214240428666,2558.7716019715313,2448.8798930382854,2533.193359375,58000
2023-09-25,2533.1935114509256,2612.770270972944,2529.4041419498767,2597.61279296875,47800
2023-09-26,2590.9814466688367,2590.9814466688367,2524.6674791124133,2557.824462890625,44900
2023-09-27,2520.8780064174107,2652.55859375,2518.9833217075893,2652.55859375,70900
2023-09-28,2628.8751733878858,2708.4519353931405,2594.770846814205,2647.822021484375,63500
2023-09-29,2638.348295830917,2675.294645395515,2598.5599193767343,2603.296630859375,37800
2023-10-02,2588.1390978773584,2626.0327889150944,2510.45703125,2510.45703125,36500
2023-10-03,2538.877525387652,2538.877525387652,2487.7210379358116,2489.61572265625,37800
2023-10-04,2444.1429846186707,2502.8782036288867,2425.1961397766654,2460.247802734375,50200
2023-10-05,2463.089942859357,2500.0362920022476,2438.4590434307634,2482.984130859375,41100
2023-10-06,2482.9843684320354,2496.247161701035,2413.828374957965,2464.98486328125,43300
2023-10-10,2464.9845964298693,2527.509186500726,2451.721804596657,2525.614501953125,21300
2023-10-11,2531.2985270794175,2566.3501908151725,2500.036232396176,2519.930419921875,20700
2023-10-12,2516.1413839451243,2554.982421875,2491.510481843252,2554.982421875,19500
2023-10-13,2515.193803335049,2547.403441494518,2464.9846614982284,2473.5107421875,29100
2023-10-16,2448.879980430766,2483.931647462077,2434.6698451478023,2435.6171875,35800
2023-10-17,2454.5640623317563,2515.1939735587853,2454.5640623317563,2474.458251953125,29400
2023-10-18,2446.037801543628,2480.1421241058165,2433.722351729504,2470.668701171875,31400
2023-10-19,2406.2495317045796,2439.4065134406665,2360.777099609375,2360.777099609375,67100
2023-10-20,2320.988612493133,2386.355230559266,2277.410867115711,2371.19775390625,59700
2023-10-23,2323.830680798573,2392.0393269532806,2323.830680798573,2379.723876953125,43700
2023-10-24,2368.355670732077,2452.669132610139,2360.7769325857344,2441.301025390625,47500
2023-10-25,2454.563941720723,2459.300653302585,2392.9866911565214,2400.5654296875,41800
2023-10-26,2342.7778952170984,2368.356141545793,2335.1991555641516,2338.988525390625,34000
2023-10-27,2339.9354524752507,2394.881305205439,2339.9354524752507,2386.355224609375,45500
2023-10-30,2368.3558036383392,2399.6181002463654,2355.0930111379644,2370.25048828125,31900
2023-10-31,2340.8829862786397,2404.3549247977285,2319.094111861639,2392.98681640625,43500
2023-11-01,2394.881389805873,2427.091028751047,2356.9876969291977,2403.407470703125,36900
2023-11-02,2404.354979330123,2454.564125864598,2386.355473968707,2437.511962890625,35400
2023-11-06,2474.458224218166,2538.877504174841,2457.406061876693,2535.088134765625,45800
2023-11-07,2491.510386559639,2535.088134765625,2478.2475936273822,2535.088134765625,25200
2023-11-08,2537.929968388123,2570.139605911526,2509.5096999851207,2561.613525390625,39800
2023-11-09,2547.40359917811,2604.244140625,2544.5615721057657,2604.244140625,37000
2023-11-10,2509.509905055816,2554.034995858996,2505.720535625758,2537.93017578125,51600
2023-11-13,2550.245406839623,2590.981124705189,2509.5096889740566,2510.45703125,53300
2023-11-14,2463.089891273185,2477.3000252612997,2292.5682834158106,2374.987060546875,111500
2023-11-15,2413.8283480726523,2515.1939812138507,2412.8810057068467,2426.143798828125,99900
2023-11-16,2378.77661807991,2419.51233873998,2335.198870397044,2363.619140625,57500
2023-11-17,2325.7253377022735,2360.7770026696803,2236.6751618391313,2259.411376953125,106500
2023-11-20,2236.6751486107296,2423.3015799009936,2236.6751486107296,2371.19775390625,101200
2023-11-21,2416.6703131573017,2500.9837815504807,2387.302700570913,2463.090087890625,70200
2023-11-22,2441.301150644554,2462.1426816162966,2418.5649350390167,2433.722412109375,41100
2023-11-24,2453.6166125693194,2464.037378105328,2370.25048828125,2370.25048828125,45600
2023-11-27,2372.145368081158,2421.4071728496165,2360.7772592884367,2376.882080078125,30000
2023-11-28,2368.35585953038,2391.0920757818717,2349.409012654137,2381.61865234375,22000
2023-11-29,2385.408151192197,2478.2477059248554,2384.4608087969655,2458.353515625,49000
2023-11-30,2472.563319747968,2478.247373356584,2359.82958984375,2359.82958984375,62600
2023-12-01,2338.988267190071,2352.2510601186495,2296.3578613482105,2302.9892578125,51900
2023-12-04,2323.8307704626945,2481.089599609375,2320.988743429923,2481.089599609375,68200
2023-12-05,2481.089518552746,2484.878887805977,2382.56591796875,2382.56591796875,51100
2023-12-06,2420.459565332861,2453.6165456798867,2337.0934433174825,2340.8828125,63300
2023-12-07,2340.883009829001,2349.409091208386,2244.254087529301,2248.04345703125,79600
2023-12-08,2200.676025390625,2234.7803460596147,2188.360576260157,2200.676025390625,76800
2023-12-11,2208.2551908177256,2308.673487783268,2208.2551908177256,2288.779296875,60500
2023-12-12,2284.989543880487,2284.989543880487,2198.7813977390592,2212.044189453125,49200
2023-12-13,2212.0444467627344,2266.990304540995,2212.0444467627344,2248.04345703125,35700
2023-12-14,2279.3056144551015,2442.2484929614516,2278.3582721382045,2433.722412109375,172700
2023-12-15,2386.355217716431,2498.141607430817,2386.355217716431,2482.984130859375,88600
2023-12-18,2473.510776635639,2529.403973043721,2425.196318723568,2464.037353515625,60000
2023-12-19,2467.826848371207,2515.1939663821704,2450.7746858872597,2489.61572265625,35700
2023-12-20,2510.4571620362553,2534.140720168673,2454.56396484375,2454.56396484375,40600
2023-12-21,2417.617655498798,2522.7726554048977,2417.617655498798,2463.090087890625,46800
2023-12-22,2467.8271075279577,2513.299545593732,2458.3536829309214,2459.301025390625,23900
2023-12-25,2481.0895488900196,2491.510314463823,2421.406982421875,2421.406982421875,25400
2023-12-26,2417.6176828082457,2483.931647462077,2417.6176828082457,2435.6171875,34900
2023-12-27,2435.617174607788,2574.876499643706,2435.617174607788,2565.403076171875,83300
2023-12-28,2613.894596233826,2637.9193627433283,2544.7032686864604,2599.479736328125,45600
2023-12-29,2599.479744088532,2635.0363986287452,2585.0648841397974,2630.2314453125,29800
2024-01-04,2554.313225170173,2631.1924795018567,2537.9763836246907,2620.62158203125,38600
2024-01-05,2619.6606533522886,2642.72443019765,2553.352294921875,2553.352294921875,29200
2024-01-09,2584.103789091023,2666.748982791963,2584.103789091023,2632.1533203125,37400
2024-01-10,2653.2952845728028,2667.710144865665,2627.348536045651,2637.91943359375,31600
2024-01-11,2661.944198167393,2674.43707707576,2625.4265521275515,2660.022216796875,29000
2024-01-12,2628.3096109137614,2672.515183894395,2606.206824423444,2640.802490234375,28700
2024-01-15,2652.334220640121,2652.334220640121,2615.8165755733366,2621.58251953125,5100
2024-01-16,2652.334415830415,2729.213674260282,2615.816768076228,2675.398193359375,37200
2024-01-17,2630.231318621371,2685.9687744050902,2614.85546875,2614.85546875,31500
2024-01-18,2595.635945819673,2633.114584059942,2554.3133446829656,2583.14306640625,34300
2024-01-19,2554.3131792600016,2645.6072921379923,2551.430207274381,2555.274169921875,70200
2024-01-22,2603.323731163812,2724.408555869106,2582.181936373999,2700.3837890625,51500
2024-01-23,2736.9014026862083,2758.0431972294305,2676.3589910397086,2696.539794921875,35000
2024-01-24,2696.539778895138,2709.9936480699535,2621.5825077783097,2635.036376953125,20900
2024-01-25,2633.114572999338,2725.369682126323,2608.128814277447,2724.40869140625,24700
2024-01-26,2709.0326383783577,2767.653067942416,2696.5397599466733,2736.9013671875,35800
2024-01-29,2784.950943735135,2784.950943735135,2707.11069996614,2727.29150390625,20500
2024-01-30,2759.965166500443,2759.965166500443,2705.1886990594526,2709.99365234375,17600
2024-01-31,2696.5396976094853,2729.21337890625,2666.7489881918464,2729.21337890625,20300
2024-02-01,2692.69578238891,2692.69578238891,2627.348418647852,2653.295166015625,19900
2024-02-02,2640.802223579341,2715.7594919342127,2640.802223579341,2667.7099609375,22000
2024-02-05,2667.7101135039147,2762.8481903183556,2660.022188104768,2731.135498046875,27400
2024-02-06,2710.9548281193975,2710.9548281193975,2646.5684497131588,2680.203125,23500
2024-02-07,2685.0080091268983,2688.851971917345,2615.816678898861,2641.763427734375,19500
2024-02-08,2631.1925083401416,2664.8271824788944,2598.5188248910677,2646.568359375,18600
2024-02-09,2622.5433824947154,2680.2028192663106,2614.855457591836,2628.309326171875,18800
2024-02-13,2616.7775313945453,2694.61777379005,2611.011587513397,2661.944091796875,37300
2024-02-14,2636.9584409858926,2641.763394413345,2521.6395587270345,2562.962158203125,39700
2024-02-15,2558.157183070383,2598.5187915185256,2512.9906212355563,2567.76708984375,35600
2024-02-16,2592.7528476323027,2674.4370552115265,2592.7528476323027,2664.8271484375,30100
2024-02-19,2640.802383877841,2664.827150834517,2607.1677101384944,2642.724365234375,35100
2024-02-20,2659.0611414655855,2690.77383306962,2644.6462816455696,2657.13916015625,15500
2024-02-21,2618.6995160387123,2636.958338352377,2589.8697965960846,2617.738525390625,28400
2024-02-22,2642.724491301037,2651.373407818022,2583.14306640625,2583.14306640625,26800
2024-02-26,2609.089742238898,2756.121318873355,2556.23525390625,2738.823486328125,54600
2024-02-27,2738.823570788972,2754.199422414454,2671.554219927488,2741.70654296875,34600
2024-02-28,2720.5645476726004,2777.2629963877835,2694.617799955483,2732.096435546875,35200
2024-02-29,2709.9937682392997,2744.589433365759,2691.734944978113,2716.720703125,26500
2024-03-01,2735.940369897959,2777.2629676870747,2681.1639030612246,2684.046875,31200
2024-03-04,2684.0470287500552,2779.185108179434,2622.543623866416,2725.36962890625,54700
2024-03-05,2690.7738146452825,2709.993627607035,2585.064843355646,2617.738525390625,53600
2024-03-06,2594.6747694286787,2705.1886947932335,2575.4549563217997,2635.036376953125,34700
2024-03-07,2643.6852909909016,2671.554019976266,2614.8555713508704,2657.13916015625,31400
2024-03-08,2658.100353184353,2760.9263610624175,2658.100353184353,2719.603759765625,45600
2024-03-11,2674.4370720164525,2751.316326691737,2674.4370720164525,2704.227783203125,33700
2024-03-12,2683.085889199103,2761.887122334607,2675.3979640151515,2759.004150390625,36900
2024-03-13,2769.575096685046,2863.752181860318,2722.4865540974097,2802.248779296875,58100
2024-03-14,2802.248763545867,2806.092726184476,2678.280968450731,2740.745361328125,46100
2024-03-15,2729.2134536818544,2743.6283134724276,2682.1249116993154,2723.447509765625,18700
2024-03-18,2771.497095081586,2841.6494140625,2741.706384281472,2841.6494140625,44900
2024-03-19,2875.284013605442,2882.9719387755104,2807.053677721088,2825.3125,35900
2024-03-21,2867.5962132059835,2902.191877976565,2853.181352884908,2862.791259765625,27400
2024-03-22,2892.58187971444,2926.216552734375,2834.9224402516934,2926.216552734375,43500
2024-03-25,2979.0710232991146,3075.170088566828,2979.0710232991146,2983.8759765625,60300
2024-03-26,2916.6068266107795,3003.0959911560744,2916.6068266107795,2993.486083984375,34200
2024-03-27,3022.315596183402,3022.315596183402,2921.4115778688524,2931.021484375,30300
2024-03-28,2950.2412908232473,2955.04624406563,2873.362038945117,2878.1669921875,24500
2024-03-29,2892.581801976913,2998.290771484375,2878.166942498623,2998.290771484375,17800
2024-04-01,3075.170166015625,3171.2692337036133,3065.5602592468263,3075.170166015625,73300
2024-04-02,3051.1452485375457,3051.1452485375457,2940.631326149572,2945.436279296875,31900
2024-04-03,2878.1671451877905,2887.777052183409,2812.819777617583,2844.532470703125,47200
2024-04-04,2853.1812704869785,2868.5571210520816,2798.4048028487978,2837.805419921875,26400
2024-04-05,2785.9118868307814,2828.1954753166574,2770.536036472281,2781.10693359375,23200
2024-04-08,2789.7559980187207,2911.8018167401733,2789.7559980187207,2866.63525390625,42500
2024-04-09,2874.323157620717,2897.3869342114554,2828.1956044392414,2871.440185546875,33000
2024-04-10,2875.2840556743145,2921.411607369624,2837.805419921875,2837.805419921875,14300
2024-04-11,2817.624503741962,2826.2734193400784,2738.8232727369004,2764.77001953125,31400
2024-04-12,2759.965208452833,2804.1707793403084,2719.6036002512246,2722.486572265625,24700
2024-04-15,2705.1888119346218,2761.887263055098,2674.43710963199,2738.823486328125,33600
2024-04-16,2690.7739064746584,2725.3695709864755,2662.905176729028,2673.47607421875,23400
2024-04-17,2703.266785326148,2709.032729411451,2657.1392326437253,2673.47607421875,23400
2024-04-18,2671.554129718864,2681.1640366602987,2614.855678764399,2633.114501953125,28200
2024-04-19,2653.295324889226,2657.1392876923974,2546.625357101213,2575.455078125,28800
2024-04-22,2613.894753440367,2657.1393357583142,2611.011781285837,2618.69970703125,22400
2024-04-23,2625.4266454102285,2648.4904226759113,2585.0650351952836,2596.596923828125,14400
2024-04-24,2635.9975433236664,2635.9975433236664,2596.596923828125,2596.596923828125,17800
2024-04-25,2548.5472155581456,2576.4159445367227,2532.210374432773,2537.976318359375,23100
2024-04-26,2528.3666131469995,2603.32389016162,2515.873733644563,2600.44091796875,26100
2024-04-30,2641.763195656745,2641.763195656745,2603.3235711291827,2606.20654296875,14600
2024-05-01,2590.8308024821695,2590.8308024821695,2556.235138947541,2560.0791015625,12900
2024-05-02,2560.079127350029,2568.7280433208057,2507.224640861946,2511.068603515625,21600
2024-05-07,2517.7954899644783,2594.6747415664468,2517.7954899644783,2586.98681640625,21300
2024-05-08,2576.415974355352,2647.529283606488,2563.923095703125,2563.923095703125,19500
2024-05-09,2563.9231151543886,2603.323732741094,2532.210422950455,2581.220947265625,13100
2024-05-10,2584.1037588654012,2606.20654296875,2565.8449372148093,2606.20654296875,25500
2024-05-13,2594.674836021056,2735.9404659822026,2586.9869105809935,2695.578857421875,46500
2024-05-14,2718.6427620793584,2773.419233425602,2689.8130403181776,2763.809326171875,28500
2024-05-15,2788.7947989813524,2803.2096583833923,2707.110595703125,2707.110595703125,21900
2024-05-16,2690.7738411132464,2734.979411360107,2654.2561961267093,2687.890869140625,20000
2024-05-17,2702.3058183285902,2784.9510176089098,2660.0222279991244,2743.62841796875,23700
2024-05-20,2755.1601298096693,2863.7520707474064,2738.82328913762,2848.376220703125,28800
2024-05-21,2851.259367101333,2862.7912553403676,2801.287851398849,2809.936767578125,20500
2024-05-22,2810.8977760016587,2854.1423571709147,2736.9014926675977,2752.27734375,22000
2024-05-23,2732.0965447084036,2762.84824693516,2693.656916924958,2708.07177734375,15500
2024-05-24,2675.398006051206,2758.043203077213,2662.905127430995,2749.394287109375,16100
2024-05-27,2749.3944501281417,2769.575255249669,2695.5789698040676,2724.40869140625,17500
2024-05-28,2725.3696983615528,2749.394466506489,2681.1641249748704,2688.85205078125,12400
2024-05-29,2677.319888712051,2692.695738754906,2644.6462073709854,2662.905029296875,11900
2024-05-30,2665.7881867819597,2708.07177734375,2643.6854008064784,2708.07177734375,19700
2024-05-31,2715.7596499090328,2806.0927734375,2715.7596499090328,2806.0927734375,27000
2024-06-03,2834.922406462585,2839.7273596938776,2793.5998086734694,2825.3125,18700
2024-06-04,2847.4154249987064,2902.19189453125,2834.9225459825125,2902.19189453125,34300
2024-06-05,2897.386740244108,2940.6313184567066,2875.2839558243354,2892.581787109375,21300
2024-06-06,2940.631515319089,2940.631515319089,2851.259381029979,2871.440185546875,16600
2024-06-07,2834.9225082602,2871.4401541293146,2796.4828810295535,2867.59619140625,11300
2024-06-10,2844.532331065498,2906.996723470653,2844.532331065498,2864.713134765625,9700
2024-06-11,2848.3761971393033,2897.38671875,2844.532234660033,2897.38671875,9400
2024-06-12,2906.9966260124656,3012.7055942311003,2875.283935546875,2875.283935546875,27000
2024-06-13,2882.972184283243,2911.8019061260757,2843.5715644313723,2847.41552734375,12500
2024-06-14,2839.727281560945,2926.216437344527,2839.727281560945,2897.38671875,24900
2024-06-17,2926.216459052507,2926.216459052507,2844.532255762043,2892.581787109375,15100
2024-06-18,2921.4116428130146,2969.461176411913,2902.1918293734557,2916.606689453125,24800
2024-06-19,2916.60671120823,2940.6314781868814,2892.581944229579,2911.8017578125,11300
2024-06-20,2911.801779603564,2935.8265467620095,2874.3231428363897,2906.996826171875,12000
2024-06-21,2878.1670791754204,2931.0215664390757,2856.064293592437,2858.947265625,20300
2024-06-24,2857.9863999550735,2882.9721586634905,2853.181446357301,2874.3232421875,16900
2024-06-25,2911.8018703086705,2950.24149895961,2892.5820559832005,2940.631591796875,12300
2024-06-26,2911.8018674929804,2935.8266353765857,2887.777099609375,2887.777099609375,17900
2024-06-27,2911.801736093235,2940.631456252574,2887.776969293786,2916.606689453125,15000
2024-06-28,2897.387010048573,2902.191963630743,2854.1424278090417,2865.67431640625,14400
2024-07-01,2882.971885843257,2882.971885843257,2803.2096636682604,2804.170654296875,17800
2024-07-02,2804.1708330114748,2839.727488536295,2800.326870252035,2818.585693359375,12000
2024-07-03,2818.5856409113726,2955.046316332244,2818.5856409113726,2916.606689453125,29300
2024-07-04,2916.6068238900375,2969.4613132850795,2906.996916727303,2940.631591796875,31200
2024-07-05,2931.021706538973,2969.461335477189,2906.996938452588,2935.82666015625,19000
2024-07-08,2931.021524103488,2931.021524103488,2806.0927378302245,2846.454345703125,46200
2024-07-09,2829.1566875,2916.6068432617185,2829.1566875,2882.97216796875,21900
2024-07-10,2911.801804245652,2911.801804245652,2847.415427716128,2880.089111328125,14000
2024-07-11,2880.089060530462,2916.6067062762604,2814.7416944590336,2858.947265625,26900
2024-07-12,2843.571377242239,2950.241341038754,2843.571377242239,2921.41162109375,33800
2024-07-16,2935.8265728213923,2964.6562936674286,2926.2166658727133,2955.04638671875,14500
2024-07-17,2955.046452540977,3003.0959883546516,2940.631591796875,2940.631591796875,16900
2024-07-18,2935.826568805619,2959.851336144454,2902.19189453125,2902.19189453125,12600
2024-07-19,2887.7771379237156,2906.9969524856037,2836.8446293347115,2847.41552734375,27300
2024-07-22,2837.8055153958626,2837.8055153958626,2752.27734375,2752.27734375,19500
2024-07-23,2753.2384213676687,2815.7028183620487,2753.2384213676687,2808.014892578125,13600
2024-07-24,2821.4686872972165,2892.581998898032,2800.3268919564334,2813.78076171875,24700
2024-07-25,2806.0929145826144,2818.5857939968523,2766.692294891557,2785.912109375,17400
2024-07-26,2780.1459706347923,2892.581877501115,2780.1459706347923,2829.156494140625,19800
2024-07-29,2882.9719999495155,2974.26611328125,2840.6884106169223,2974.26611328125,31200
2024-07-30,2969.461181640625,2983.8760417456765,2935.8265080621713,2969.461181640625,20000
2024-07-31,2955.046256982186,2983.8759765625,2897.386817821558,2983.8759765625,29500
2024-08-01,2950.2415124939457,2988.681141321229,2823.390737363913,2852.220458984375,41200
2024-08-02,2762.8480954277784,2762.8480954277784,2556.235107421875,2556.235107421875,57400
2024-08-05,2412.086542525253,2444.7602247745995,2075.739813487867,2158.385009765625,67700
2024-08-06,2266.01613274244,2465.902203824046,2266.01613274244,2411.125732421875,29900
2024-08-07,2323.6754413830904,2511.0686221397914,2323.6754413830904,2431.306396484375,29200
2024-08-08,2416.8916915594364,2498.5759037990197,2374.608099341299,2450.5263671875,21200
2024-08-09,2498.5758228435825,2499.536813544676,2288.118859304065,2328.48046875,44200
2024-08-13,2364.0370400355764,2422.657470703125,2355.3881240354463,2422.657470703125,20800
2024-08-14,2448.604260186464,2456.292185650158,2382.2959030621055,2435.150390625,12300
2024-08-15,2449.5651832530702,2449.5651832530702,2323.675407260072,2352.505126953125,53200
2024-08-16,2399.593669505735,2492.8097631949845,2374.6079124343896,2471.66796875,34800
2024-08-19,2497.614823990759,2544.7033681906614,2453.409251884728,2469.74609375,29700
2024-08-20,2492.809819424716,2642.724365234375,2492.809819424716,2642.724365234375,29500
2024-08-21,2620.6217011747567,2655.217367196866,2599.479905272357,2605.245849609375,21900
2024-08-22,2651.3733329050165,2762.848253752056,2623.5046026932564,2738.823486328125,50300
2024-08-23,2729.2133595424702,2730.1743501620276,2666.748969271252,2689.812744140625,28100
2024-08-26,2649.4511569170886,2753.238144565636,2641.763231906085,2729.21337890625,30200
2024-08-27,2719.6037653957023,2762.8483482376832,2719.6037653957023,2750.35546875,14500
2024-08-28,2720.5644644783624,2727.291398865981,2669.631961257821,2707.110595703125,16600
2024-08-29,2682.124905383428,2706.1496716444763,2649.4512232684024,2670.593017578125,15200
2024-08-30,2670.5932051910063,2693.656982421875,2659.0613165755717,2693.656982421875,10000
2024-09-02,2734.979618642522,2734.979618642522,2647.5294621785483,2675.398193359375,13500
2024-09-03,2709.0325773625673,2911.8015996483077,2691.734746077528,2892.581787109375,58800
2024-09-04,2825.312448126392,2875.2839608143418,2784.9508417245866,2804.170654296875,40500
2024-09-05,2767.653296157244,2845.4935451116667,2678.281158468833,2719.603759765625,30300
2024-09-06,2750.355154251846,2818.5854882671783,2650.4121297786833,2667.7099609375,22500
2024-09-09,2571.6108800131396,2645.6071572033534,2571.6108800131396,2628.309326171875,27700
2024-09-10,2623.504582822712,2671.554117306645,2622.5435921330336,2646.568359375,24500
2024-09-11,2656.1781953096215,2738.8233924140454,2575.4549795332073,2608.128662109375,33200
2024-09-12,2624.465584249742,2744.5894209510293,2624.465584249742,2730.174560546875,25500
2024-09-13,2698.4617881446993,2733.0574520952723,2657.1391895370703,2683.0859375,20400
2024-09-17,2698.46167106149,2710.954549168256,2623.5044024208933,2676.35888671875,23500
2024-09-18,2676.359171345883,2708.071865297199,2648.4904402977572,2688.85205078125,12000
2024-09-19,2711.9156771296707,2733.057471919484,2687.890910323065,2700.3837890625,12400
2024-09-20,2714.7985295690373,2759.0040985460905,2714.7985295690373,2737.8623046875,15700
2024-09-24,2769.574992916127,2817.624524368523,2747.4722084480245,2782.06787109375,22700
2024-09-25,2811.858849548551,2811.858849548551,2756.1213877324826,2777.26318359375,13400
2024-09-26,2777.2630580357145,2858.947265625,2777.2630580357145,2858.947265625,31200
2024-09-27,2867.5962945871465,2887.777099609375,2855.103415287672,2887.777099609375,21100
2024-09-30,2808.9757918545147,2892.581982032874,2751.3163503521982,2774.380126953125,41900
2024-10-01,2790.7169794468728,2862.791281602009,2778.224100406649,2857.986328125,10600
2024-10-02,2821.4685407848133,2846.4542976173766,2777.262971004125,2781.10693359375,17500
2024-10-03,2839.727366248435,2878.1669921875,2821.468543927379,2878.1669921875,21900
2024-10-04,2880.0892027362265,2897.387035785693,2826.273722137885,2838.7666015625,10300
2024-10-07,2887.777121582031,2906.996936035156,2866.6353256835937,2882.97216796875,18200
2024-10-08,2866.6350527961285,2868.5570340584795,2826.273446286763,2857.025146484375,6700
2024-10-09,2858.9472559120554,2892.5819295110205,2836.8444704041635,2850.29833984375,14700
2024-10-10,2882.01110122764,2882.01110122764,2804.170854745667,2813.78076171875,7500
2024-10-11,2817.6246397569444,2848.3763411458335,2801.287798394097,2810.897705078125,9500
2024-10-15,2829.1564106408496,2843.571270070066,2786.8728229818153,2804.170654296875,6100
2024-10-16,2796.4827203254936,2824.3514484661946,2773.4189453125,2773.4189453125,11900
2024-10-17,2787.8338816599035,2787.8338816599035,2744.589302316678,2745.55029296875,6600
2024-10-18,2745.550274675543,2745.550274675543,2704.2276769117875,2706.149658203125,6800
2024-10-21,2706.1498584571837,2741.706514978105,2692.69598842224,2715.759765625,6100
2024-10-22,2716.7206107852794,2716.7206107852794,2663.866124194126,2683.0859375,19100
2024-10-23,2669.6322469239535,2669.6322469239535,2610.0508216866297,2622.543701171875,9800
2024-10-24,2604.2848681281594,2629.27062701057,2583.1430721507354,2613.894775390625,14000
2024-10-25,2634.075510873368,2635.9974922749534,2530.2885151877335,2575.455078125,20200
2024-10-28,2601.401589011797,2633.1142792361748,2592.752673496058,2628.309326171875,12900
2024-10-29,2628.309543059185,2685.0079938966596,2628.309543059185,2677.320068359375,11000
2024-10-30,2690.7739629600255,2700.3838699705966,2644.646409309282,2650.412353515625,15900
2024-10-31,2649.4512101086702,2717.68154595115,2646.568238171664,2706.149658203125,10700
2024-11-01,2676.3591554026125,2753.2384130084324,2676.3591554026125,2724.40869140625,18400
2024-11-05,2724.408561027487,2777.263048102094,2709.9937009162304,2753.23828125,7200
2024-11-06,2778.2239931263207,2791.677862342429,2705.1887030960197,2784.950927734375,15600
2024-11-07,2784.9509178470603,2813.78063749351,2772.4580393335987,2776.302001953125,12800
2024-11-08,2767.653167881647,2816.663692729551,2767.653167881647,2801.287841796875,14800
2024-11-11,2799.3658223606594,2863.752197265625,2779.185018285969,2863.752197265625,13300
2024-11-12,2829.1566224038133,2868.557241126149,2819.5467153983654,2822.4296875,23400
2024-11-13,2486.082723689985,2527.405320179613,2413.047436871106,2429.38427734375,104100
2024-11-14,2438.0334736941713,2612.933785957608,2438.0334736941713,2538.9375,56500
2024-11-15,2573.5331648882698,2646.5684600830077,2529.3275914809283,2613.894775390625,44600
2024-11-18,2610.0506941588997,2703.2667903788606,2610.0506941588997,2629.2705078125,33300
2024-11-19,2677.319983979821,2690.773853246051,2549.5082259506335,2555.274169921875,22000
2024-11-20,2591.791893881446,2591.791893881446,2519.71759204937,2527.405517578125,19300
2024-11-21,2501.4585706426587,2552.391073233539,2481.277767729291,2495.692626953125,12900
2024-11-22,2503.380692286521,2521.6395149941773,2475.511962890625,2475.511962890625,11800
2024-11-25,2497.61475808828,2517.7955622128866,2484.160888671875,2484.160888671875,12100
2024-11-26,2485.121826171875,2501.4586672565315,2448.6041813944075,2485.121826171875,16900
2024-11-27,2485.121851886094,2495.6927491678994,2428.423402829142,2436.111328125,15200
2024-11-28,2436.1114279873987,2463.0191676259183,2390.944865022741,2403.437744140625,18700
2024-11-29,2405.3597915907208,2460.13626307321,2389.02294921875,2389.02294921875,18900
2024-12-02,2397.6717154973976,2402.476668835068,2341.934256780424,2400.5546875,28400
2024-12-03,2402.4766372888685,2431.306356936335,2364.0370110922463,2396.710693359375,32300
2024-12-04,2397.6718693499733,2402.4768229959654,2359.232240182038,2366.920166015625,18200
2024-12-05,2386.139777832031,2498.57568359375,2385.178787184495,2498.57568359375,26600
2024-12-06,2488.004701104783,2545.66413797859,2463.979935740697,2517.79541015625,23700
2024-12-09,2501.4587154343194,2538.9373515856596,2430.3454058138277,2431.306396484375,24900
2024-12-10,2443.7993286663764,2469.7460773388075,2412.086635844516,2430.345458984375,19600
2024-12-11,2430.3454493931363,2430.3454493931363,2388.0618591308594,2421.696533203125,13500
2024-12-12,2443.7993233275183,2478.3949881485137,2437.072388501214,2474.551025390625,16600
2024-12-13,2426.5012848994647,2455.331003135894,2402.4765197024403,2412.08642578125,16100
2024-12-16,2412.0867451920676,2461.097272684018,2385.179004608252,2406.32080078125,14800
2024-12-17,2414.0086987787645,2414.0086987787645,2361.1542089567774,2380.3740234375,12700
2024-12-18,2361.153925115412,2381.3347278941765,2356.348972072849,2367.880859375,10000
2024-12-19,2355.3881401424724,2386.1398416865604,2340.012289370429,2364.998046875,15100
2024-12-20,2365.959195699386,2380.37405676173,2309.2607421875,2309.2607421875,15500
2024-12-23,2321.7533777573526,2321.7533777573526,2280.430780388327,2287.15771484375,19600
2024-12-24,2277.5478534349036,2278.5088440903614,2248.7181337711704,2255.445068359375,21300
2024-12-25,2255.445038367962,2271.7818792935077,2211.239468804721,2229.498291015625,22700
2024-12-26,2229.49833235105,2253.523098863454,2218.9274350855926,2241.9912109375,28500
2024-12-27,2268.5735761825795,2316.425537109375,2267.5970055514204,2316.425537109375,16600
2024-12-30,2292.98768811547,2322.284805084578,2292.98768811547,2305.68310546875,11000
2025-01-06,2339.863223407777,2376.972907251473,2255.878149445728,2258.807861328125,20500
2025-01-07,2260.7609308982383,2323.2614490742585,2256.854648512237,2296.89404296875,14400
2025-01-08,2266.6204349202612,2323.261531527489,2265.643864289102,2316.425537109375,12300
2025-01-09,2313.4957105445537,2323.261416372095,2294.940869472225,2300.80029296875,8200
2025-01-10,2283.2219641170836,2300.8002341573347,2265.643694076832,2278.339111328125,9100
2025-01-14,2260.7608653056263,2289.081411782457,2253.9248713284605,2275.409423828125,11600
2025-01-15,2272.479742708106,2298.8471484034735,2241.22948410619,2242.2060546875,15900
2025-01-16,2250.9953290914405,2263.690747433388,2159.1976887727437,2167.01025390625,29700
2025-01-17,2148.455215013743,2155.2912088796957,2125.9940923113263,2131.853515625,10100
2025-01-20,2173.846272496591,2210.9559572921307,2173.846272496591,2193.377685546875,13700
2025-01-21,2239.276407735331,2239.276407735331,2187.5181654283215,2234.3935546875,7200
2025-01-22,2239.2763845434683,2276.386067322645,2216.8152607560723,2266.620361328125,13000
2025-01-23,2260.7608875877504,2269.5500227878756,2221.698064476083,2243.1826171875,8800
2025-01-24,2272.4797319319578,2343.7693840295224,2272.4797319319578,2332.050537109375,16800
2025-01-27,2342.792813452844,2358.4179426797073,2324.2379724959433,2332.050537109375,8500
2025-01-28,2332.050619030316,2366.2305904147634,2300.8003594788206,2351.58203125,10400
2025-01-29,2368.183682749068,2368.183682749068,2343.769417978459,2357.44140625,7800
2025-01-30,2357.4414557190194,2391.621427115111,2357.4414557190194,2380.879150390625,11800
2025-01-31,2392.5978864228696,2433.613850190119,2377.9493279345666,2423.84814453125,16000
2025-02-03,2432.637333398033,2437.5201863354037,2358.41796875,2358.41796875,21000
2025-02-04,2390.644938916809,2390.644938916809,2282.2455973237675,2283.22216796875,24300
2025-02-05,2332.050626363983,2346.699185574812,2309.5895022407117,2321.308349609375,11600
2025-02-06,2360.3712159206993,2377.94948728461,2350.6055096074156,2375.019775390625,11000
2025-02-07,2381.8556401869832,2421.8950338924633,2367.2070815142465,2390.644775390625,7900
2025-02-10,2365.2541249449823,2438.4969240246164,2365.2541249449823,2426.778076171875,10100
2025-02-12,2426.778035481771,2441.4265950520835,2356.464949544271,2402.36376953125,19600
2025-02-13,2346.6991136563533,2369.1602370912665,2300.8002962024007,2359.39453125,20200
2025-02-14,2343.769352998696,2343.769352998696,2246.1122966237504,2247.0888671875,23500
2025-02-17,2248.0654191614194,2269.549971386246,2207.049455823114,2219.744873046875,16800
2025-02-18,2208.026204603155,2256.854736328125,2202.1667807961585,2256.854736328125,6600
2025-02-19,2280.292373337112,2280.292373337112,2212.909001277043,2234.3935546875,12100
2025-02-20,2212.908909268228,2236.3466029233196,2164.080380820121,2186.54150390625,18000
2025-02-21,2170.9165201749634,2187.5182209590275,2137.7131186068355,2168.96337890625,23300
2025-02-25,2142.595824130909,2167.9866588744835,2109.392424850849,2127.947265625,24900
2025-02-26,2127.9474366818235,2133.8068605552016,2089.8611815048657,2107.439453125,15100
2025-02-27,2107.439305154458,2216.815209777859,2099.626740538501,2213.885498046875,23700
2025-02-28,2192.401033111874,2217.791869130096,2151.385067236284,2173.84619140625,15400
2025-03-03,2222.6747879798436,2293.964445063556,2222.6747879798436,2283.22216796875,20000
2025-03-04,2343.7693876378676,2421.8950338924633,2335.956823012408,2390.644775390625,65500
2025-03-05,2390.6447915602,2390.6447915602,2333.027127057728,2388.691650390625,27500
2025-03-06,2392.5980711615484,2433.6140380957463,2366.230663846706,2430.684326171875,17300
2025-03-07,2405.293506531602,2436.543767274197,2336.9335611571755,2340.83984375,18500
2025-03-10,2330.0973839110807,2340.8396601990194,2257.8311616104015,2274.432861328125,16200
2025-03-11,2225.6043287456273,2225.6043287456273,2174.8226591121156,2215.838623046875,16600
2025-03-12,2200.213485919431,2246.112302536482,2197.2837742204706,2216.815185546875,14900
2025-03-13,2235.3702313701924,2277.3627695741757,2211.932535628434,2221.6982421875,9300
2025-03-14,2216.815209777859,2248.065468241688,2202.166651122939,2213.885498046875,15500
2025-03-17,2244.1592039419934,2246.112345111656,2192.4009629459424,2241.2294921875,10700
2025-03-18,2259.7843832959384,2290.058072095495,2238.2998299543174,2264.667236328125,13100
2025-03-19,2264.6671438181265,2334.980224609375,2264.6671438181265,2334.980224609375,12300
2025-03-21,2334.0037025435663,2375.0196671907756,2297.8705908305487,2329.120849609375,14000
2025-03-24,2324.2381516548053,2364.277548384993,2281.26904296875,2281.26904296875,14700
2025-03-25,2330.0974938954696,2358.4180418095384,2283.2221042445967,2349.62890625,20600
2025-03-26,2369.1602370912665,2382.83222526904,2343.7694019039736,2359.39453125,15300
2025-03-27,2344.7460377718994,2381.855721001942,2343.7694671605823,2380.879150390625,16500
2025-03-28,2381.8556365200025,2381.8556365200025,2310.565984422438,2332.050537109375,15500
2025-03-31,2263.690654340667,2278.339213363579,2177.75244140625,2177.75244140625,27000
2025-04-01,2197.283755871571,2246.1122837798284,2177.752344708268,2189.47119140625,12700
2025-04-02,2227.5574678026605,2250.9951614577517,2179.705509923515,2186.54150390625,12200
2025-04-03,2147.478857555834,2209.0028084544324,2101.5800370441816,2135.760009765625,23600
2025-04-04,2093.767335794612,2097.6736181375127,1941.4223244214968,1975.602294921875,59700
2025-04-07,1666.029500624206,1806.6556718375036,1666.029500624206,1729.506591796875,36200
2025-04-08,1831.0699152910147,1954.1178135985708,1831.0699152910147,1922.8675537109375,23000
2025-04-09,1883.8046434660987,1883.8046434660987,1805.678997288137,1830.09326171875,25200
2025-04-10,1977.555485222283,1985.3680501021736,1924.8206722830223,1984.3914794921875,14700
2025-04-11,1923.8440786966464,2034.1965563071649,1888.687537157012,2001.9697265625,17900
2025-04-14,2050.7983233477617,2060.564029649418,2006.8526449903095,2023.454345703125,12600
2025-04-15,2044.9388826672575,2044.9388826672575,1994.1572103183096,1996.1103515625,5800
2025-04-16,1985.3680660427651,1988.2977778962468,1967.789794921875,1967.789794921875,7500
2025-04-17,1963.8834811760312,2024.430858517112,1961.93033997148,2000.9931640625,7700
2025-04-18,2011.7354988147547,2112.3222737554925,2011.7354988147547,2111.345703125,15800
2025-04-21,2125.017684435448,2208.026187733707,2101.5799893865274,2170.91650390625,31800
2025-04-22,2170.9164542787557,2209.0027078625935,2126.9707770666355,2147.478759765625,18500
2025-04-23,2196.3072569055334,2197.2838274955316,2128.9238861956705,2151.385009765625,12200
2025-04-24,2151.3850503076305,2169.9398918672514,2131.8536381396084,2146.502197265625,10200
2025-04-25,2202.1666037107584,2202.1666037107584,2127.947241457092,2130.876953125,16900
2025-04-28,2121.111255588033,2162.127219093879,2121.111255588033,2129.900390625,10200
2025-04-30,2115.251826639848,2178.728912850185,2115.251826639848,2160.174072265625,8800
2025-05-01,2160.174227008828,2256.8547190856248,2119.1582606732177,2170.91650390625,44800
2025-05-02,2193.377507931341,2214.862060546875,2154.3146849940063,2214.862060546875,19400
2025-05-07,2191.424406812721,2209.979248046875,2167.9867126222107,2209.979248046875,9400
2025-05-08,2210.9559083315075,2229.5107503183885,2177.7525068812993,2228.5341796875,13500
2025-05-09,2233.4168689351686,2268.5734090670735,2164.080359230579,2218.768310546875,24100
2025-05-12,2203.143256632049,2269.550056920604,2192.4009801147827,2268.573486328125,11500
2025-05-13,2292.9877757105332,2299.823769931136,2247.088957372205,2265.643798828125,21900
2025-05-14,2070.329662704287,2103.533062955205,2001.969721011221,2061.54052734375,35600
2025-05-15,2070.3295762299604,2132.8300917387896,2020.5244779338625,2101.579833984375,31100
2025-05-16,2101.579910605507,2101.579910605507,1984.3914397538983,2003.9228515625,41400
2025-05-19,1973.649163259168,2003.9228515625,1941.4223337749756,2003.9228515625,32500
2025-05-20,1993.1806639410977,1996.1103758430197,1941.4224203404713,1963.883544921875,32700
2025-05-21,1983.414925110164,2003.9229080876696,1969.7429364584937,1982.4383544921875,19200
2025-05-22,1958.024010131539,2015.6416742700728,1958.024010131539,2006.8525390625,19400
2025-05-23,2033.2199774881155,2050.7982481868603,2002.9462890625,2002.9462890625,13900
2025-05-26,2003.9229409762925,2007.8292235123088,1978.5321044921875,1978.5321044921875,8900
2025-05-27,1997.086922886156,2056.657730854887,1981.4617929271444,2040.0560302734375,16900
2025-05-28,2064.4703451762093,2064.4703451762093,2030.2903725739543,2048.84521484375,14200
2025-05-29,2048.8451333080134,2065.446833625571,2032.2434329904552,2043.9622802734375,11300
2025-05-30,2025.40751911823,2087.9080404410684,2025.40751911823,2078.142333984375,12800
2025-06-02,2082.0485162397854,2084.97822803562,2002.9462977522512,2016.6182861328125,21300
2025-06-03,2001.969791359266,2006.8526445089228,1964.860107421875,1964.860107421875,16900
2025-06-04,1959.9771977009427,2000.0165923724617,1959.9771977009427,1971.696044921875,10700
2025-06-05,1977.5555176142404,2008.8057776456756,1977.5555176142404,1980.4852294921875,11900
2025-06-06,1972.672566124456,1996.1102599794,1958.024007465116,1962.9068603515625,12100
2025-06-09,1989.2742919921875,1994.1571449425855,1973.6491625509136,1989.2742919921875,6200
2025-06-10,1978.5320639222905,2007.8291823416728,1978.5320639222905,1983.4149169921875,11000
2025-06-11,1983.4149498663353,2087.908007294054,1983.4149498663353,2023.454345703125,29700
2025-06-12,2013.688573742378,2042.9856916920733,2001.9697265625,2001.9697265625,10700
2025-06-13,1992.2040270045843,1992.2040270045843,1950.2114911412527,1957.0474853515625,23500
2025-06-16,1951.188094418812,1971.696077393184,1951.188094418812,1967.789794921875,5000
2025-06-17,1957.0475019947633,1977.5554848000977,1954.1177901654296,1969.742919921875,8400
2025-06-18,1962.9069582245056,1997.086930133887,1962.9069582245056,1980.4852294921875,7200
2025-06-19,1980.485155960219,1990.2508618574584,1974.625732421875,1974.625732421875,5100
2025-06-20,1972.672633399284,2028.337158203125,1953.1412211874097,2028.337158203125,22400
2025-06-23,2027.3605608949565,2027.3605608949565,1965.83661323774,1972.672607421875,11600
2025-06-24,2000.9931968318608,2025.4074622885696,1988.297778794372,2011.7354736328125,13900
2025-06-25,2027.3605375517536,2027.3605375517536,1995.1337081976071,2004.8994140625,9200
2025-06-26,2017.5948643011836,2025.4074291193876,1993.180599244296,2000.9931640625,15800
2025-06-27,2037.126277422664,2037.126277422664,2004.899447530551,2030.290283203125,12200
2025-06-30,2042.9856595407657,2058.610788868037,2003.9228362225865,2020.5245361328125,18800
2025-07-01,2020.52456793064,2020.52456793064,2001.9697265625,2001.9697265625,6900
2025-07-02,2001.9697089341464,2001.9697089341464,1974.625732421875,1974.625732421875,6600
2025-07-03,1974.6257561780735,1986.3446033957475,1956.0709147500895,1957.0474853515625,9100
2025-07-04,1977.5554190109024,1979.5085601654812,1962.9068603515625,1962.9068603515625,6800
2025-07-07,1962.90694152832,1978.5320714111328,1953.1412353515625,1953.1412353515625,9900
2025-07-08,1953.1412599824248,1989.2743732920997,1953.1412599824248,1979.5086669921875,10000
2025-07-09,1972.672567928539,1999.0399735394649,1968.7662856158088,1992.2039794921875,8900
2025-07-10,1992.204011202684,1992.204011202684,1973.649169921875,1973.649169921875,12000
2025-07-11,1976.5788898128096,1996.1103017674816,1962.9069014445388,1972.672607421875,7000
2025-07-14,1977.555503933314,2162.12735096709,1974.625792075635,2114.275390625,80500
2025-07-15,2123.064491557758,2124.041062161051,2046.8919845009484,2059.58740234375,30800
2025-07-16,2050.798298059291,2050.798298059291,1997.0869140625,1997.0869140625,26700
2025-07-17,1982.438291332016,2040.0559559569367,1982.438291332016,2019.5479736328125,16900
2025-07-18,2019.548062943805,2030.2903398743572,1982.4383790018976,1994.1572265625,9800
2025-07-22,2007.8291737032105,2010.7588855325437,1963.883496263208,1969.742919921875,8500
2025-07-23,1993.1806073188784,2004.8994545936584,1963.8834891319275,2000.0166015625,19100
2025-07-24,2009.7823166018445,2068.376553237467,1992.204045611158,2028.337158203125,15400
2025-07-25,2028.3371744399471,2050.798298663404,2026.384033203125,2026.384033203125,10500
2025-07-28,2195.330609155026,2265.6436891635503,2182.635191931265,2219.744873046875,124200
2025-07-29,2218.7685220782073,2244.159359038609,2200.2136796840673,2222.6748046875,38400
2025-07-30,2220.721443602549,2250.9951308284412,2203.143173600418,2219.744873046875,37200
2025-07-31,2209.002662888072,2241.2294921875,2178.728974758306,2241.2294921875,22600
2025-08-01,2244.159177749876,2248.0654600436096,2209.979207679708,2214.862060546875,19200
2025-08-04,2172.86962890625,2194.354182540379,2159.197640229986,2172.86962890625,14700
2025-08-05,2194.3540785047744,2221.6980545609085,2187.518084490741,2214.862060546875,7200
2025-08-06,2238.299748192149,2254.901447895145,2209.9792016399792,2245.1357421875,10900
2025-08-07,2265.643813316541,2273.4563781900465,2198.2604412825576,2205.096435546875,25100
2025-08-08,2186.541707908127,2195.330843848803,2087.908071240543,2162.12744140625,32200
2025-08-12,2187.5181068232664,2196.3072420738954,2122.087877735249,2182.63525390625,17700
2025-08-13,2165.057023586393,2201.190135842909,2121.111346517657,2177.75244140625,18900
2025-08-14,2149.4319823558612,2180.6822428898854,2149.4319823558612,2167.01025390625,16800
2025-08-15,2141.6193926702704,2143.5725339312557,2109.3925618640146,2111.345703125,20300
2025-08-18,2109.3925132610702,2161.1507554846057,2109.3925132610702,2117.205078125,14800
2025-08-19,2119.158261299551,2236.3467365787888,2119.158261299551,2229.5107421875,36500
2025-08-20,2216.8153004489827,2273.4563962313796,2184.588470090033,2261.737548828125,27000
2025-08-21,2273.456453517486,2283.222159932939,2232.440486572583,2254.901611328125,31900
2025-08-22,2247.0890222970793,2316.425537109375,2207.0496264195563,2316.425537109375,35100
2025-08-25,2324.2380221289386,2412.129375906924,2295.917474800477,2355.48828125,40300
2025-08-26,2341.816355797121,2341.816355797121,2230.4873046875,2230.4873046875,36600
2025-08-27,2197.283814284975,2251.971766996068,2180.6821143548223,2211.932373046875,24300
2025-08-28,2216.8153319011576,2262.71415154845,2189.4713542389404,2199.237060546875,18400
2025-08-29,2205.096361005951,2214.8620667677137,2177.7523848730166,2184.58837890625,12500
2025-09-01,2160.1743000860997,2187.5182785682023,2124.041185663322,2162.12744140625,19500
2025-09-02,2191.4244543177483,2216.8152902412157,2172.869612681368,2174.82275390625,15400
2025-09-03,2174.8226712723367,2197.283794505055,2155.291259765625,2155.291259765625,13900
2025-09-04,2169.939775363772,2169.939775363772,2121.111247565307,2130.876953125,10200
2025-09-05,2119.158122491399,2148.4552393922017,2119.158122491399,2128.923828125,9600
2025-09-08,2128.923934360065,2167.010188231644,2128.923934360065,2145.525634765625,12500
2025-09-09,2156.267894190871,2168.9633120461617,2118.181640625,2118.181640625,11000
2025-09-10,2120.1348632143317,2158.221118242134,2092.790885245653,2137.713134765625,15500
2025-09-11,2148.455265738276,2155.291259765625,2110.3690133001883,2155.291259765625,12700
2025-09-12,2155.2914392117777,2155.2914392117777,2121.111466229262,2133.806884765625,13500
2025-09-16,2149.4319906566,2158.221126465736,2118.1817300018924,2136.736572265625,9500
2025-09-17,2120.1347332974137,2139.666144935345,2106.4627451508622,2124.041015625,11000
2025-09-18,2141.619305280522,2182.6352700875364,2114.275328742513,2180.68212890625,17900
2025-09-19,2193.377552011395,2207.0495403142268,2102.5564868568717,2121.111328125,40100
2025-09-22,2135.7599529033373,2163.103930352488,2135.7599529033373,2142.595947265625,16000
2025-09-24,2146.502278720221,2146.502278720221,2119.158300647352,2136.736572265625,13100
2025-09-25,2143.5724854404216,2146.502197265625,2122.0879320555973,2146.502197265625,12400
2025-09-26,2125.017553923818,2148.455247533272,2118.1815599543943,2127.947265625,10500
2025-09-29,2127.9473060530704,2127.9473060530704,2087.9079120428933,2123.064453125,17500
2025-09-30,2105.486108137628,2121.1112369549755,2087.9078382181115,2102.556396484375,8700
2025-10-01,2108.4158828771424,2108.4158828771424,2036.1496599346187,2065.44677734375,24500
2025-10-02,2065.4468496686463,2065.4468496686463,2025.407454474124,2027.360595703125,13700
2025-10-03,2027.3606915912255,2124.0411869994778,2027.3606915912255,2103.533203125,22000
2025-10-06,2138.6896151353685,2144.5490387384793,2107.439355918779,2119.158203125,16200
2025-10-07,2119.158112097208,2132.8300999171897,2099.626700925805,2100.603271484375,10000
2025-10-08,2095.7204267351017,2119.158120230741,2095.7204267351017,2099.626708984375,9200
2025-10-09,2095.7204347861652,2107.4392815790047,2075.2124528986956,2098.650146484375,11100
2025-10-10,2068.3765468329775,2098.6502356676433,2066.423405617838,2087.907958984375,14000
2025-10-14,2047.8685295698624,2058.6108060721363,2016.6182706541565,2033.219970703125,40100
2025-10-15,2033.2200445290523,2099.626847136149,2017.594914503853,2083.025146484375,19200
2025-10-16,2088.884578397082,2118.1816973086816,2082.048583984375,2082.048583984375,14700
2025-10-17,2053.72789030255,2082.0484365787147,2042.9856141288328,2070.32958984375,24200
2025-10-20,2096.6970632985153,2128.9238928694754,2096.6970632985153,2121.111328125,29200
2025-10-21,2135.759881736663,2197.283828947184,2108.4159051986535,2180.68212890625,47300
2025-10-22,2202.166829608331,2217.791960106661,2175.7994218924,2192.401123046875,26700
2025-10-23,2178.7289635073093,2226.580921916928,2163.1038342306992,2183.61181640625,18900
2025-10-24,2198.2604899160815,2218.768473162744,2179.705647931006,2199.237060546875,15200
2025-10-27,2202.1668129151567,2246.1124921085857,2202.1668129151567,2223.6513671875,19900
2025-10-28,2223.651292826609,2227.557575290951,2160.1742027810537,2173.84619140625,15700
2025-10-29,2157.244497870958,2161.150780347864,2103.53311381351,2114.275390625,23400
2025-10-30,2100.603425607649,2107.4394200192037,2032.243481492105,2038.1029052734375,39100
2025-10-31,2044.938866764135,2066.4234202831467,2006.8526127986136,2027.360595703125,26600
2025-11-04,2042.0090693636837,2096.697021484375,2017.594805024089,2096.697021484375,29300
2025-11-05,2096.6971266133705,2096.6971266133705,2005.8760587162844,2054.70458984375,30600
2025-11-06,2054.7046384883106,2085.95489914973,2054.7046384883106,2078.142333984375,17000
2025-11-07,2069.35302734375,2085.9547269496225,2053.7278983029287,2069.35302734375,16000
2025-11-10,2073.2594485357886,2139.6662514092855,2073.2594485357886,2111.345703125,20100
2025-11-11,2126.970841291867,2126.970841291867,2061.540608800336,2081.072021484375,7100
2025-11-12,2061.5404547925264,2101.579847803656,2052.751319741303,2070.32958984375,26300
2025-11-13,2305.6832197844906,2459.981376805223,2281.268954433109,2321.308349609375,242200
2025-11-14,2300.800455185726,2378.926107314274,2298.8473138825125,2339.86328125,91200
2025-11-17,2362.3243071457437,2373.066583862818,2321.308341498732,2322.284912109375,36000
2025-11-18,2301.776993815104,2347.675813802083,2301.776993815104,2314.472412109375,16100
2025-11-19,2298.8471356651557,2360.371081946764,2293.9642827856633,2302.75341796875,22400
2025-11-20,2324.238086262479,2357.4414874948,2305.6832443973585,2347.67578125,20100
2025-11-21,2306.6597536945033,2415.059090129766,2306.6597536945033,2414.08251953125,27800
2025-11-25,2438.4968831380206,2438.4968831380206,2355.48837890625,2373.066650390625,27500
2025-11-26,2373.0666343261323,2411.1528889511196,2373.0666343261323,2404.31689453125,12000
2025-11-27,2380.879101842203,2397.4808018960657,2370.1368253367623,2386.738525390625,12500
2025-11-28,2386.7384912634407,2386.7384912634407,2345.7225270109593,2361.34765625,15000
2025-12-01,2345.722523308286,2366.230505402155,2285.1751476025765,2302.75341796875,25000
2025-12-02,2287.1282887543734,2310.5659825759385,2269.5500183882,2302.75341796875,20800
2025-12-03,2296.89402532003,2314.472295921969,2269.550048828125,2269.550048828125,15900
2025-12-04,2293.9642766774473,2358.417934515128,2293.9642766774473,2333.027099609375,22500
2025-12-05,2332.050483762452,2332.050483762452,2279.315673828125,2279.315673828125,14600
2025-12-08,2316.425381690756,2316.425381690756,2279.3157001965533,2305.68310546875,16400
2025-12-09,2348.6522450505013,2358.417950851127,2309.5894218479984,2331.073974609375,33700
2025-12-10,2330.0973451875793,2346.699044629402,2291.0345229715263,2308.61279296875,15700
2025-12-11,2317.40199287557,2329.12083986862,2286.151734227438,2300.80029296875,21200
2025-12-12,2349.6288074895965,2352.558519219633,2319.3551196125486,2332.050537109375,12900
2025-12-15,2336.933536783854,2402.36376953125,2336.933536783854,2402.36376953125,19000
2025-12-16,2382.8322497927893,2398.457379299627,2344.7459966198717,2356.46484375,10700
2025-12-17,2356.4647608054415,2356.4647608054415,2315.448797293702,2336.933349609375,9800
2025-12-18,2319.3551096283513,2329.1208153531024,2303.72998046875,2303.72998046875,16900
2025-12-19,2321.308260765906,2349.6288074895965,2321.308260765906,2332.050537109375,25300
2025-12-22,2345.72265625,2356.464933193693,2334.980379306307,2345.72265625,14700
2025-12-23,2351.5821124961385,2379.9026611931436,2343.769547338344,2371.113525390625,25400
2025-12-24,2373.066468509942,2380.8790330153247,2329.120793167165,2335.956787109375,15200
2025-12-25,2348.652278996581,2369.160261474306,2333.027149489743,2356.46484375,16200
2025-12-26,2363.3009521182844,2372.090087890625,2343.7695392908604,2372.090087890625,26600
2025-12-29,2416.0,2430.0,2371.0,2389.0,23600
2025-12-30,2389.0,2392.0,2355.0,2355.0,9700
2026-01-05,2367.0,2384.0,2316.0,2329.0,18300
2026-01-06,2354.0,2375.0,2347.0,2368.0,10800
2026-01-07,2358.0,2375.0,2337.0,2337.0,18500
2026-01-08,2333.0,2350.0,2308.0,2331.0,18300
2026-01-09,2322.0,2324.0,2303.0,2316.0,16500
2026-01-13,2416.0,2420.0,2333.0,2349.0,26500
2026-01-14,2349.0,2396.0,2331.0,2340.0,25600
2026-01-15,2369.0,2389.0,2343.0,2376.0,19000
2026-01-16,2360.0,2397.0,2359.0,2397.0,11900
2026-01-19,2401.0,2401.0,2354.0,2371.0,9200
2026-01-20,2353.0,2373.0,2296.0,2308.0,19800
2026-01-21,2258.0,2259.0,2222.0,2229.0,24700
2026-01-22,2256.0,2330.0,2238.0,2320.0,25400
2026-01-23,2320.0,2345.0,2317.0,2329.0,20200
2026-01-26,2300.0,2320.0,2233.0,2248.0,18300
2026-01-27,2243.0,2272.0,2227.0,2249.0,16900
2026-01-28,2249.0,2249.0,2198.0,2205.0,24100
2026-01-29,2206.0,2248.0,2169.0,2214.0,22700
2026-01-30,2214.0,2247.0,2205.0,2247.0,19900
2026-02-02,2242.0,2242.0,2145.0,2145.0,41100
2026-02-03,2195.0,2241.0,2180.0,2226.0,27600
2026-02-04,2193.0,2198.0,2161.0,2171.0,16900
2026-02-05,2208.0,2286.0,2201.0,2279.0,28500
2026-02-06,2292.0,2292.0,2182.0,2188.0,30900
2026-02-09,2211.0,2211.0,2162.0,2186.0,30500
2026-02-10,2219.0,2338.0,2219.0,2336.0,48300
2026-02-12,2286.0,2287.0,2145.0,2145.0,84300
2026-02-13,2139.0,2199.0,2117.0,2120.0,70200
2026-02-16,2102.0,2124.0,2090.0,2111.0,46400
2026-02-17,2125.0,2144.0,2096.0,2105.0,19000
2026-02-18,2105.0,2133.0,2099.0,2123.0,10600
2026-02-19,2110.0,2121.0,2086.0,2113.0,22500
2026-02-20,2085.0,2090.0,2058.0,2058.0,22000
2026-02-24,2060.0,2074.0,2050.0,2060.0,27400
2026-02-25,2040.0,2076.0,2034.0,2040.0,27000
2026-02-26,2045.0,2090.0,2045.0,2080.0,21500
2026-02-27,2071.0,2110.0,2071.0,2104.0,16600
2026-03-02,2097.0,2097.0,2037.0,2040.0,24100
2026-03-03,2020.0,2027.0,1980.0,1980.0,44100
2026-03-04,1955.0,2003.0,1917.0,1926.0,64600
2026-03-05,1966.0,2026.0,1966.0,2009.0,32100
2026-03-06,1980.0,2056.0,1973.0,2038.0,21300
2026-03-09,1908.0,1965.0,1907.0,1960.0,40100
2026-03-10,1994.0,2012.0,1979.0,1997.0,27200
2026-03-11,2010.0,2012.0,1975.0,1986.0,20200
2026-03-12,1974.0,1974.0,1923.0,1928.0,27400
2026-03-13,1900.0,1919.0,1894.0,1901.0,30900
2026-03-16,1902.0,1902.0,1869.0,1879.0,28400
2026-03-17,1906.0,1946.0,1900.0,1924.0,24100
2026-03-18,1951.0,1963.0,1924.0,1949.0,22800
2026-03-19,1902.0,1916.0,1870.0,1892.0,53400
2026-03-23,1875.0,1883.0,1830.0,1844.0,29600
2026-03-24,1875.0,1890.0,1866.0,1875.0,23300
2026-03-25,1904.0,1929.0,1886.0,1906.0,63000
2026-03-26,1906.0,1906.0,1864.0,1866.0,35200
2026-03-27,1866.0,1980.0,1862.0,1974.0,49100
2026-03-30,1900.0,1919.0,1871.0,1892.0,35800
2026-03-31,1890.0,1925.0,1883.0,1903.0,21300
2026-04-01,1943.0,1969.0,1943.0,1959.0,28500
2026-04-02,1981.0,1986.0,1933.0,1948.0,23600
2026-04-03,1965.0,1999.0,1965.0,1983.0,15400
2026-04-06,2000.0,2051.0,2000.0,2051.0,21200
2026-04-07,2050.0,2075.0,2030.0,2068.0,34100
2026-04-08,2089.0,2131.0,2070.0,2131.0,38500
2026-04-09,2123.0,2123.0,2092.0,2092.0,31600
2026-04-10,2115.0,2129.0,2082.0,2099.0,34700
2026-04-13,2061.0,2062.0,1991.0,1998.0,42300
2026-04-14,2015.0,2034.0,2001.0,2001.0,31400
2026-04-15,2049.0,2101.0,2049.0,2080.0,30400
2026-04-16,2100.0,2170.0,2100.0,2153.0,50500
2026-04-17,2135.0,2141.0,2101.0,2101.0,19600
2026-04-20,2101.0,2125.0,2058.0,2058.0,17500
2026-04-21,2091.0,2116.0,2065.0,2074.0,30400
2026-04-22,2058.0,2059.0,2024.0,2038.0,28100
2026-04-23,2035.0,2044.0,1987.0,1991.0,28800
2026-04-24,1995.0,1995.0,1931.0,1938.0,47100
2026-04-27,1952.0,1999.0,1951.0,1963.0,37600
2026-04-28,1971.0,1985.0,1953.0,1983.0,25600
2026-04-30,1951.0,1952.0,1907.0,1907.0,40500
2026-05-01,1907.0,1930.0,1889.0,1920.0,20400
2026-05-07,1940.0,1967.0,1923.0,1953.0,19400
2026-05-08,1948.0,1998.0,1946.0,1991.0,35000
2026-05-11,2019.0,2027.0,1996.0,2007.0,20400
2026-05-12,2007.0,2015.0,1984.0,1998.0,44300
2026-05-13,1975.0,1990.0,1966.0,1982.0,13100
2026-05-14,1986.0,1989.0,1914.0,1924.0,26100
2026-05-15,1964.0,1999.0,1893.0,1906.0,42200
2026-05-18,1870.0,1919.0,1861.0,1864.0,84000
2026-05-19,1899.0,1915.0,1885.0,1907.0,28800
2026-05-20,1900.0,1926.0,1830.0,1836.0,44900
2026-05-21,1867.0,1891.0,1859.0,1867.0,16800
2026-05-22,1868.0,1888.0,1850.0,1874.0,22700
2026-05-25,1894.0,1894.0,1849.0,1885.0,28800
2026-05-26,1890.0,1980.0,1870.0,1973.0,51600
2026-05-27,1973.0,1982.0,1920.0,1927.0,24400
2026-05-28,1905.0,1915.0,1874.0,1906.0,22200
2026-05-29,1919.0,1970.0,1908.0,1908.0,21200
2026-06-01,1908.0,1950.0,1907.0,1934.0,32200
2026-06-02,1948.0,1948.0,1882.0,1925.0,20800
2026-06-03,1898.0,1936.0,1856.0,1921.0,30100
2026-06-04,1920.0,1938.0,1881.0,1906.0,23200
2026-06-05,1904.0,1941.0,1903.0,1921.0,20500
2026-06-08,1881.0,1910.0,1867.0,1883.0,33800
2026-06-09,1949.0,2047.0,1942.0,2023.0,67400
2026-06-10,2023.0,2023.0,1942.0,1968.0,40700
2026-06-11,1928.0,1928.0,1885.0,1904.0,24300
2026-06-12,1905.0,1952.0,1891.0,1911.0,28000
2026-06-15,1951.0,1967.0,1920.0,1935.0,32700
2026-06-16,1919.0,1919.0,1867.0,1896.0,33100
2026-06-17,1899.0,1962.0,1899.0,1927.0,18100
2026-06-18,1962.0,1977.0,1942.0,1942.0,29200
2026-06-19,1952.0,2005.0,1952.0,1992.0,27300
2026-06-22,1999.0,2044.0,1961.0,1995.0,32400
2026-06-23,1989.0,2002.0,1963.0,1963.0,26800
2026-06-24,1963.0,1990.0,1927.0,1934.0,26000
2026-06-25,1934.0,1983.0,1932.0,1932.0,41500
2026-06-26,1932.0,1949.0,1915.0,1916.0,15900
